20220121	1079	1	1.8464895486831665	2.087402582168579
20220121	1079	2	1.1198261976242065	0.8310337662696838
20220121	1079	3	0.6245189309120178	0.6508301496505737
20220121	1079	4	0.4342138171195984	0.5893368721008301
20220121	1079	5	0.3886939287185669	0.6154547929763794
20220121	1079	6	0.31129884719848633	0.6320013999938965
20220121	1079	7	0.27513638138771057	0.4370274841785431
20220121	1079	8	0.24421942234039307	0.37364310026168823
20220121	1079	9	0.1988505721092224	0.38978269696235657
20220121	1079	10	0.17373183369636536	0.38530233502388
20220121	1079	11	0.15177589654922485	0.43863123655319214
20220121	1079	12	0.13788782060146332	0.43265625834465027
20220121	1079	13	0.11743335425853729	0.3628929555416107
20220121	1079	14	0.11939413100481033	0.27267512679100037
20220121	1079	15	0.10185343027114868	0.26678383350372314
20220121	1079	16	0.18245011568069458	0.3212883174419403
20220121	1079	17	0.11499334871768951	0.371499627828598
20220121	1079	18	0.09780122339725494	0.4215131402015686
20220121	1079	19	0.09349618852138519	0.29537466168403625
20220121	1079	20	0.0883597731590271	0.3378450870513916
20220121	1079	21	0.06864690035581589	0.2529411017894745
20220121	1079	22	0.07614665478467941	0.3244665265083313
20220121	1079	23	0.06585932523012161	0.23319187760353088
20220121	1079	24	0.08296676725149155	0.2873285710811615
20220121	1079	25	0.0851714015007019	0.25067827105522156
20220121	1079	26	0.042125243693590164	0.3679907023906708
20220121	1079	27	0.0632157102227211	0.39771419763565063
20220121	1079	28	0.09136629849672318	0.3447694778442383
20220121	1079	29	0.04568994790315628	0.3646768033504486
20220121	1079	30	0.07504506409168243	0.20183627307415009
20220121	1079	31	0.07559467852115631	0.23385494947433472
20220121	1079	32	0.05370435118675232	0.2465897500514984
20220121	1079	33	0.021688178181648254	0.2682790458202362
20220121	1079	34	0.04362158849835396	0.3744346797466278
20220121	1079	35	0.053209345787763596	0.22282518446445465
20220121	1079	36	0.04883243888616562	0.20792020857334137
20220121	1079	37	0.032937195152044296	0.2540344297885895
20220121	1079	38	0.07072798162698746	0.39940527081489563
20220121	1079	39	0.025630617514252663	0.22296148538589478
20220121	1079	40	0.022593669593334198	0.39443889260292053
20220121	1079	41	0.03888794034719467	0.1869785338640213
20220121	1079	42	0.035744186490774155	0.3904802203178406
20220121	1079	43	0.05176505446434021	0.2973480224609375
20220121	1079	44	0.022712592035531998	0.1729726493358612
20220121	1079	45	0.061524897813797	0.21607692539691925
20220121	1079	46	0.029568487778306007	0.25483056902885437
20220121	1079	47	0.03814385458827019	0.20842331647872925
20220121	1079	48	0.05713949725031853	0.24381482601165771
20220121	1079	49	0.05073905736207962	0.26374301314353943
20220121	1079	50	0.040648601949214935	0.2656655013561249
20220121	1079	51	0.03975467011332512	0.22314733266830444
20220121	1079	52	0.06436275690793991	0.2960537075996399
20220121	1079	53	0.02409748174250126	0.32135871052742004
20220121	1079	54	0.013929841108620167	0.326614648103714
20220121	1079	55	0.01683427020907402	0.3697701096534729
20220121	1079	56	0.04337803274393082	0.5447044968605042
20220121	1079	57	0.028438927605748177	0.24839971959590912
20220121	1079	58	0.01586063578724861	0.4411296248435974
20220121	1079	59	0.033679816871881485	0.24845793843269348
20220121	1079	60	0.036139100790023804	0.4758678376674652
20220121	1079	61	0.01085792575031519	0.307327002286911
20220121	1079	62	0.024131551384925842	0.245567187666893
20220121	1079	63	0.015390042215585709	0.25723031163215637
20220121	1079	64	0.013374063186347485	0.4308168590068817
20220121	1079	65	0.02883979119360447	0.48140740394592285
20220121	1079	66	0.009877173230051994	0.5622032284736633
20220121	1079	67	0.06385274231433868	0.291394978761673
20220121	1079	68	0.054151762276887894	0.4891241192817688
20220121	1079	69	0.014023433439433575	0.39669013023376465
20220121	1079	70	0.024418598040938377	0.3192092478275299
20220121	1079	71	0.01390868704766035	0.3049766421318054
20220121	1079	72	0.023525357246398926	0.26531580090522766
20220121	1079	73	0.035745538771152496	0.3247685134410858
20220121	1079	74	0.00457782344892621	0.5495518445968628
20220121	1079	75	0.005416020285338163	0.3215310871601105
20220121	1079	76	0.036583010107278824	0.3168008029460907
20220121	1079	77	0.026863357052206993	0.17788183689117432
20220121	1079	78	0.00869004800915718	0.39826545119285583
20220121	1079	79	0.010993975214660168	0.4336676299571991
20220121	1079	80	0.01219724677503109	0.4280119240283966
20220121	1079	81	0.01809019036591053	0.3311710059642792
20220121	1079	82	0.03529837355017662	0.39590173959732056
20220121	1079	83	0.020640430971980095	0.6476736664772034
20220121	1079	84	0.013540972024202347	0.30518144369125366
20220121	1079	85	0.007045234087854624	0.5735633969306946
20220121	1079	86	0.016144726425409317	0.2965797483921051
20220121	1079	87	0.00896416325122118	0.40732309222221375
20220121	1079	88	0.002617489080876112	0.3211040496826172
20220121	1079	89	0.0036608318332582712	0.4995339810848236
20220121	1079	90	0.01587369106709957	0.4633662700653076
20220121	1079	91	0.009491516277194023	0.3077493906021118
20220121	1079	92	0.006147049367427826	0.38726022839546204
20220121	1079	93	0.027327097952365875	0.38639044761657715
20220121	1079	94	0.000811787904240191	0.5368116497993469
20220121	1079	95	0.010725867003202438	0.30394884943962097
20220121	1079	96	0.02264738455414772	0.5354530215263367
20220121	1079	97	0.0007478554034605622	0.5107648968696594
20220121	1079	98	0.0240984745323658	0.6045966148376465
20220121	1079	99	0.027332257479429245	0.5263238549232483
20220121	1079	100	0.004182829987257719	0.5814142227172852
20220129	1079	1	0.12245921790599823	0.06983667612075806
20220129	1079	2	0.11492771655321121	0.06682571023702621
20220129	1079	3	0.10360345244407654	0.06411053985357285
20220129	1079	4	0.058864787220954895	0.022773075848817825
20220129	1079	5	0.023714974522590637	0.04450080916285515
20220129	1079	6	0.037811849266290665	0.02489384263753891
20220129	1079	7	0.027809560298919678	0.08121797442436218
20220129	1079	8	0.06259585916996002	0.019770892336964607
20220129	1079	9	0.04103144258260727	0.018651343882083893
20220129	1079	10	0.025620006024837494	0.07301881164312363
20220129	1079	11	0.027360515668988228	0.06446523219347
20220129	1079	12	0.0152822807431221	0.00880842749029398
20220129	1079	13	0.06459998339414597	0.05401374399662018
20220129	1079	14	0.022202376276254654	0.015354401431977749
20220129	1079	15	0.01724192127585411	0.038293804973363876
20220129	1079	16	0.034710731357336044	0.10370675474405289
20220129	1079	17	0.01560001540929079	0.08009999990463257
20220129	1079	18	0.04812008515000343	0.03192097321152687
20220129	1079	19	0.024507982656359673	0.04615047574043274
20220129	1079	20	0.027589421719312668	0.03207802772521973
20220129	1079	21	0.012996767647564411	0.007763321977108717
20220129	1079	22	0.023787470534443855	0.041301269084215164
20220129	1079	23	0.0147607596591115	0.041190262883901596
20220129	1079	24	0.0068372501991689205	0.016742421314120293
20220129	1079	25	0.031098373234272003	0.036021798849105835
20220129	1079	26	0.01970522850751877	0.020153256133198738
20220129	1079	27	0.0022142722737044096	0.009260259568691254
20220129	1079	28	0.01849997602403164	0.018308153375983238
20220129	1079	29	0.015950199216604233	0.008153753355145454
20220129	1079	30	0.0018100918969139457	0.036650802940130234
20220129	1079	31	0.02179543487727642	0.17783984541893005
20220129	1079	32	0.02339557558298111	0.08703069388866425
20220129	1079	33	0.04275079071521759	0.007246255408972502
20220129	1079	34	0.002808393444865942	0.012689507566392422
20220129	1079	35	0.009732970036566257	0.0754317119717598
20220129	1079	36	0.017994362860918045	0.08841770887374878
20220129	1079	37	0.05782900005578995	0.058473143726587296
20220129	1079	38	0.026652494445443153	0.036574285477399826
20220129	1079	39	0.00973130576312542	0.050707895308732986
20220129	1079	40	0.019454091787338257	0.025043759495019913
20220129	1079	41	0.04737083241343498	0.09889373928308487
20220129	1079	42	0.023500287905335426	0.04739587381482124
20220129	1079	43	0.021027404814958572	0.05998397246003151
20220129	1079	44	0.01123515609651804	0.06318280100822449
20220129	1079	45	0.01642305590212345	0.010456210002303123
20220129	1079	46	0.025746507570147514	0.05986306443810463
20220129	1079	47	0.0502220094203949	0.0741143748164177
20220129	1079	48	0.00881765317171812	0.09601107239723206
20220129	1079	49	0.01585569605231285	0.018751224502921104
20220129	1079	50	0.013871313072741032	0.10277190804481506
20220129	1079	51	0.022961216047406197	0.015749691054224968
20220129	1079	52	0.004915172234177589	0.00012073133257217705
20220129	1079	53	0.013109290041029453	0.011392740532755852
20220129	1079	54	0.03171836957335472	0.045599933713674545
20220129	1079	55	0.009008234366774559	0.09056319296360016
20220129	1079	56	0.010330465622246265	0.07538394629955292
20220129	1079	57	0.00217379885725677	0.19704006612300873
20220129	1079	58	0.0253427866846323	0.12301918864250183
20220129	1079	59	0.007380327675491571	0.08814840018749237
20220129	1079	60	0.014468335546553135	0.007857320830225945
20220129	1079	61	0.010425840504467487	0.08306259661912918
20220129	1079	62	0.0036761481314897537	0.010260372422635555
20220129	1079	63	0.00746186263859272	0.07517427951097488
20220129	1079	64	0.021054254844784737	0.0003758881357498467
20220129	1079	65	0.01302327960729599	0.033446554094552994
20220129	1079	66	0.02030745893716812	0.03611630201339722
20220129	1079	67	0.0006599885527975857	0.07003220170736313
20220129	1079	68	0.04852282255887985	0.07411813735961914
20220129	1079	69	0.008881807327270508	0.019367782399058342
20220129	1079	70	0.026971571147441864	0.048025283962488174
20220129	1079	71	0.020747939124703407	0.01632654294371605
20220129	1079	72	0.014010158367455006	0.02060750313103199
20220129	1079	73	0.00511429226025939	0.013528358191251755
20220129	1079	74	0.00940676499158144	0.08425269275903702
20220129	1079	75	0.02212364785373211	0.09711180627346039
20220129	1079	76	0.032325126230716705	0.1019287258386612
20220129	1079	77	0.017498914152383804	0.10887638479471207
20220129	1079	78	0.0049145836383104324	0.0772441104054451
20220129	1079	79	0.012387377209961414	0.018832553178071976
20220129	1079	80	0.037039339542388916	0.0007744610193185508
20220129	1079	81	0.025662632659077644	0.036445289850234985
20220129	1079	82	0.022308871150016785	0.061924342066049576
20220129	1079	83	0.0035626699682325125	0.06465332955121994
20220129	1079	84	0.001254985691048205	0.052829593420028687
20220129	1079	85	0.013384089805185795	0.06094717979431152
20220129	1079	86	0.007660323288291693	0.21388578414916992
20220129	1079	87	0.0006410269998013973	0.14742600917816162
20220129	1079	88	0.011772056110203266	0.030094360932707787
20220129	1079	89	0.003147969488054514	0.1227857768535614
20220129	1079	90	0.05566271021962166	0.07450384646654129
20220129	1079	91	0.020175909623503685	0.2182917594909668
20220129	1079	92	0.03757398948073387	0.23847568035125732
20220129	1079	93	0.014879032038152218	0.042177535593509674
20220129	1079	94	0.02995353564620018	0.08244463056325912
20220129	1079	95	0.004574831109493971	0.04871637001633644
20220129	1079	96	0.006958745885640383	0.11733002960681915
20220129	1079	97	0.00498231640085578	0.06918087601661682
20220129	1079	98	0.007556722965091467	0.0961490049958229
20220129	1079	99	0.007426080293953419	0.010149492882192135
20220129	1079	100	0.005535238888114691	0.052439115941524506
20220205	1099	1	0.03805554285645485	0.014067470096051693
20220205	1099	2	0.034011099487543106	0.03868510574102402
20220205	1099	3	0.0051288846880197525	0.030301235616207123
20220205	1099	4	0.020878180861473083	0.008189554326236248
20220205	1099	5	0.02599627710878849	0.0019792860839515924
20220205	1099	6	0.02032497338950634	0.004023129586130381
20220205	1099	7	0.02712843380868435	0.0001391096448060125
20220205	1099	8	0.016920067369937897	6.035683782101842e-06
20220205	1099	9	0.008035017177462578	0.0023022873792797327
20220205	1099	10	0.0077706375159323215	0.038215938955545425
20220205	1099	11	0.028637772426009178	0.20335516333580017
20220205	1099	12	0.01836608536541462	0.03206561878323555
20220205	1099	13	0.004909843672066927	0.012465886771678925
20220205	1099	14	0.003349753562361002	0.057217370718717575
20220205	1099	15	0.005136934574693441	0.04749599099159241
20220205	1099	16	0.003294672816991806	0.0017477052751928568
20220205	1099	17	0.023883264511823654	0.04242900013923645
20220205	1099	18	0.025466633960604668	0.031165417283773422
20220205	1099	19	0.03187839686870575	0.03150835633277893
20220205	1099	20	6.743457925040275e-05	0.00019760396389756352
20220205	1099	21	0.002738063456490636	0.0155393211171031
20220205	1099	22	0.013407588005065918	0.04623423516750336
20220205	1099	23	0.009820554405450821	0.03163796290755272
20220205	1099	24	0.009029077365994453	0.023750195279717445
20220205	1099	25	0.010060702450573444	0.01827871985733509
20220205	1099	26	0.016908960416913033	0.011702814139425755
20220205	1099	27	0.007144417613744736	0.06398680061101913
20220205	1099	28	0.005031423643231392	0.0065703196451067924
20220205	1099	29	0.0036662823986262083	0.0007821401231922209
20220205	1099	30	0.023291239514946938	0.017680540680885315
20220205	1099	31	0.0002101113204844296	0.000874903576914221
20220205	1099	32	0.015443602576851845	0.013666893355548382
20220205	1099	33	0.025255465880036354	0.040765292942523956
20220205	1099	34	0.020803086459636688	0.03128140792250633
20220205	1099	35	0.0019665448926389217	0.0551760196685791
20220205	1099	36	0.022308144718408585	0.030773326754570007
20220205	1099	37	0.0034834083635360003	0.07088182121515274
20220205	1099	38	0.026560122147202492	0.03572539985179901
20220205	1099	39	0.012462873943150043	0.011830921284854412
20220205	1099	40	0.01761612854897976	0.03560783341526985
20220205	1099	41	0.0110661955550313	0.030558567494153976
20220205	1099	42	0.012335732579231262	0.03810686245560646
20220205	1099	43	0.007145374082028866	0.012950226664543152
20220205	1099	44	0.003209517104551196	0.0777924433350563
20220205	1099	45	0.01677009090781212	0.0005743388319388032
20220205	1099	46	0.019688259810209274	0.07762709259986877
20220205	1099	47	0.001372391590848565	0.03586580231785774
20220205	1099	48	0.003459606319665909	0.10720046609640121
20220205	1099	49	0.012067710049450397	0.0608753077685833
20220205	1099	50	0.015670526772737503	0.025706689804792404
20220205	1099	51	0.0014554663794115186	0.015209023840725422
20220205	1099	52	2.7915282771573402e-05	0.025540528818964958
20220205	1099	53	0.0012959197629243135	0.09664171189069748
20220205	1099	54	0.006227206904441118	0.08865689486265182
20220205	1099	55	0.025431059300899506	0.06755669414997101
20220205	1099	56	0.0013466111849993467	0.02215804159641266
20220205	1099	57	0.0008520357660017908	0.05022084340453148
20220205	1099	58	0.018576158210635185	0.017158761620521545
20220205	1099	59	0.008061923086643219	0.051469188183546066
20220205	1099	60	0.005257363431155682	0.03802988678216934
20220205	1099	61	0.0026252332609146833	0.1498546451330185
20220205	1099	62	0.022377582266926765	0.09697078168392181
20220205	1099	63	0.00963874626904726	0.10139573365449905
20220205	1099	64	0.0032592250499874353	0.07389874756336212
20220205	1099	65	0.001889733481220901	0.04855700582265854
20220205	1099	66	0.01583794318139553	0.04869368299841881
20220205	1099	67	0.0025897191371768713	0.0007405502838082612
20220205	1099	68	0.009553370997309685	0.09755171090364456
20220205	1099	69	0.016286930069327354	0.0762922465801239
20220205	1099	70	0.009067987091839314	0.056135620921850204
20220205	1099	71	0.0004610917530953884	0.01297031994909048
20220205	1099	72	0.00105531164444983	0.05163358896970749
20220205	1099	73	0.00971696525812149	0.1476140171289444
20220205	1099	74	4.931324292556383e-05	0.020841151475906372
20220205	1099	75	0.003349756123498082	0.04064982011914253
20220205	1099	76	0.0014641551533713937	0.034386295825242996
20220205	1099	77	0.005646930541843176	0.02556641399860382
20220205	1099	78	0.009229199960827827	0.025061266496777534
20220205	1099	79	0.007265932857990265	0.04774719104170799
20220205	1099	80	0.014017468318343163	0.02484818734228611
20220205	1099	81	0.0003580343909561634	0.03428671136498451
20220205	1099	82	0.004108324646949768	0.009178441017866135
20220205	1099	83	0.005007548723369837	0.005280785728245974
20220205	1099	84	0.011318942531943321	0.010413509793579578
20220205	1099	85	0.00541342981159687	0.09676297754049301
20220205	1099	86	0.0034673416521400213	0.0013832865515723825
20220205	1099	87	0.00032688031205907464	0.01013376284390688
20220205	1099	88	0.0036053552757948637	0.02060891129076481
20220205	1099	89	0.007045557256788015	0.039876535534858704
20220205	1099	90	0.00202734163030982	0.15850116312503815
20220205	1099	91	0.029582882300019264	0.01040536630898714
20220205	1099	92	0.005113953724503517	0.07630256563425064
20220205	1099	93	0.0020021582022309303	0.042301394045352936
20220205	1099	94	0.002043806714937091	0.010137887671589851
20220205	1099	95	0.005935338791459799	0.03756602108478546
20220205	1099	96	8.491679182043299e-05	0.06385616213083267
20220205	1099	97	0.005902016069740057	0.10531917959451675
20220205	1099	98	0.006852084770798683	0.05355929210782051
20220205	1099	99	0.03259928524494171	0.024171877652406693
20220205	1099	100	0.0005419604713097215	0.0895138755440712
20220206	1099	1	0.009415012784302235	4.752019322040724e-06
20220206	1099	2	0.030596332624554634	5.524772404896794e-06
20220206	1099	3	0.004630597773939371	0.05617809295654297
20220206	1099	4	0.01711217686533928	0.0032224569004029036
20220206	1099	5	4.200202602078207e-05	2.009983518291847e-06
20220206	1099	6	0.007829350419342518	0.0038785100914537907
20220206	1099	7	0.008417472243309021	0.0297648087143898
20220206	1099	8	0.017246698960661888	0.001315162517130375
20220206	1099	9	0.021690359339118004	0.0019485346274450421
20220206	1099	10	6.056913480279036e-05	0.0006906468188390136
20220206	1099	11	0.0020669670775532722	0.06538502126932144
20220206	1099	12	0.004403963219374418	0.0008953224751166999
20220206	1099	13	0.03639950230717659	0.00029752860427834094
20220206	1099	14	0.017250921577215195	0.001473760697990656
20220206	1099	15	0.0022079830523580313	0.00026486770366318524
20220206	1099	16	0.013954199850559235	0.020678242668509483
20220206	1099	17	0.032923921942710876	0.00011981116404058412
20220206	1099	18	0.00014338101027533412	0.03354800492525101
20220206	1099	19	0.009573021903634071	0.0006056394195184112
20220206	1099	20	0.01507566124200821	0.030100539326667786
20220206	1099	21	0.0016906744567677379	0.00855622161179781
20220206	1099	22	0.00024716841289773583	0.008837328292429447
20220206	1099	23	0.011625604704022408	0.004452783614397049
20220206	1099	24	0.005442763213068247	3.463400571490638e-05
20220206	1099	25	0.01829725131392479	0.00022644890123046935
20220206	1099	26	0.010566018521785736	0.00018033078231383115
20220206	1099	27	0.005370433442294598	0.02241010032594204
20220206	1099	28	0.022908559069037437	0.0129317045211792
20220206	1099	29	0.00032824158552102745	0.006260060705244541
20220206	1099	30	0.01777028851211071	0.001503385603427887
20220206	1099	31	0.010461589321494102	0.0011417275527492166
20220206	1099	32	0.0066472748294472694	0.002952192910015583
20220206	1099	33	2.2785127384850057e-06	0.04322280362248421
20220206	1099	34	0.0002664928906597197	8.73517547006486e-06
20220206	1099	35	3.2907719287322834e-05	2.449189935305185e-07
20220206	1099	36	0.02196485549211502	2.105860858137021e-06
20220206	1099	37	0.003204207867383957	0.04106580838561058
20220206	1099	38	0.028586842119693756	0.05347667261958122
20220206	1099	39	0.03291940689086914	0.00010121708328370005
20220206	1099	40	0.006858545355498791	0.0005105120944790542
20220206	1099	41	0.00019526935648173094	0.06597469002008438
20220206	1099	42	0.01736457273364067	0.057515621185302734
20220206	1099	43	0.009810313582420349	0.0013361657038331032
20220206	1099	44	2.3049209630698897e-05	0.06189514324069023
20220206	1099	45	0.015253353863954544	0.014777407981455326
20220206	1099	46	0.008875085040926933	0.0010640803957358003
20220206	1099	47	0.026149937883019447	6.289405428105965e-05
20220206	1099	48	0.005916008725762367	0.013058825396001339
20220206	1099	49	0.01958402618765831	0.05518420413136482
20220206	1099	50	0.015564545057713985	0.061640623956918716
20220206	1099	51	0.00010764731996459886	0.020735301077365875
20220206	1099	52	0.0038850123528391123	0.004111289046704769
20220206	1099	53	0.000656547665130347	0.0018390445038676262
20220206	1099	54	0.001889548497274518	0.013975962065160275
20220206	1099	55	0.05423309653997421	0.00013141903036739677
20220206	1099	56	0.011395429261028767	0.00030574470292776823
20220206	1099	57	0.004413745831698179	0.00036005739821121097
20220206	1099	58	0.00011526340676937252	0.13997870683670044
20220206	1099	59	0.011387977749109268	0.11525741219520569
20220206	1099	60	0.028282728046178818	1.5279212675523013e-05
20220206	1099	61	0.004120334051549435	0.10790000110864639
20220206	1099	62	0.013092792592942715	0.0380493625998497
20220206	1099	63	0.0031285895965993404	4.129421358811669e-05
20220206	1099	64	6.459820724558085e-05	0.00756031833589077
20220206	1099	65	1.5726202036603354e-05	0.0009379541152156889
20220206	1099	66	2.298760591656901e-05	0.030551720410585403
20220206	1099	67	0.008292620070278645	0.06448215246200562
20220206	1099	68	3.6964245282433694e-06	3.849386848742142e-05
20220206	1099	69	0.010536826215684414	2.346236698258508e-07
20220206	1099	70	0.003200208768248558	0.0007412501145154238
20220206	1099	71	0.00027513274108059704	0.14201410114765167
20220206	1099	72	0.0026624705642461777	0.01741049997508526
20220206	1099	73	0.0008478520903736353	1.1816745427495334e-05
20220206	1099	74	0.0007812431431375444	0.06902919709682465
20220206	1099	75	0.018587883561849594	0.029689619317650795
20220206	1099	76	0.004380626138299704	0.00669348519295454
20220206	1099	77	0.015515453182160854	0.00456421310082078
20220206	1099	78	0.000558786909095943	0.058121051639318466
20220206	1099	79	0.010322388261556625	0.0238351933658123
20220206	1099	80	0.0037348035257309675	0.15219473838806152
20220206	1099	81	0.000547550618648529	0.005451642908155918
20220206	1099	82	1.7293888959102333e-05	0.07852821052074432
20220206	1099	83	1.4532268323819153e-05	0.04705280810594559
20220206	1099	84	2.3925181267259177e-06	2.0756631329277297e-06
20220206	1099	85	2.796138915073243e-06	0.04086075350642204
20220206	1099	86	5.2485418564174324e-05	0.06760330498218536
20220206	1099	87	0.00033263827208429575	0.002090957947075367
20220206	1099	88	0.012193122878670692	1.2083395972695143e-07
20220206	1099	89	0.001543146907351911	0.0029664456378668547
20220206	1099	90	0.00010328704956918955	0.03565569967031479
20220206	1099	91	5.021249671699479e-05	0.001040474628098309
20220206	1099	92	1.7358618720209051e-07	0.00028610642766579986
20220206	1099	93	1.4330843214338529e-06	0.04533284530043602
20220206	1099	94	2.859224878193345e-06	0.0002530958445277065
20220206	1099	95	0.000996190239675343	6.41112492303364e-05
20220206	1099	96	1.0684541848604567e-05	0.0024117776192724705
20220206	1099	97	0.005501902662217617	0.07604441791772842
20220206	1099	98	0.005233746021986008	0.0014409611467272043
20220206	1099	99	9.207038829117664e-07	0.023479526862502098
20220206	1099	100	2.1318750498267036e-07	0.020445628091692924
20220206	1106	1	0.06654916703701019	2.668947672646027e-06
20220206	1106	2	0.028618892654776573	0.03622054308652878
20220206	1106	3	0.018223043531179428	5.307675019139424e-05
20220206	1106	4	0.024137627333402634	5.570231951423921e-05
20220206	1106	5	0.017395254224538803	3.625810859375633e-05
20220206	1106	6	0.029687777161598206	5.020598905502993e-07
20220206	1106	7	0.02533850446343422	8.466112922178581e-05
20220206	1106	8	0.009711853228509426	5.3464050324691925e-06
20220206	1106	9	0.006000497378408909	8.517707101418637e-06
20220206	1106	10	0.0060487547889351845	2.192813326473697e-06
20220206	1106	11	0.005018248222768307	3.388216646271758e-05
20220206	1106	12	0.05028292164206505	1.2887437605968444e-07
20220206	1106	13	0.008913400582969189	0.0019610521849244833
20220206	1106	14	0.018511906266212463	0.001095101935788989
20220206	1106	15	0.000370624999050051	0.0026460671797394753
20220206	1106	16	0.018119947984814644	7.125373485905584e-06
20220206	1106	17	0.0072561027482151985	0.00986190140247345
20220206	1106	18	0.006441730540245771	0.005687791854143143
20220206	1106	19	0.0016317709814757109	1.2124017302994616e-05
20220206	1106	20	1.056266228260938e-05	4.1798106394708157e-05
20220206	1106	21	0.00011928144522244111	0.04238739609718323
20220206	1106	22	0.036461349576711655	0.006544348318129778
20220206	1106	23	0.019797777757048607	5.564918865275104e-06
20220206	1106	24	0.01148961391299963	0.0003659454232547432
20220206	1106	25	0.018077338114380836	0.0033411779440939426
20220206	1106	26	3.716735227499157e-05	1.664754563535098e-05
20220206	1106	27	0.0023693684488534927	1.535182491352316e-05
20220206	1106	28	0.000962443882599473	6.402307190001011e-05
20220206	1106	29	0.004723069723695517	0.07278109341859818
20220206	1106	30	0.016565470024943352	0.021043600514531136
20220206	1106	31	0.0009320448152720928	9.444919442103128e-07
20220206	1106	32	0.023095130920410156	2.1471466880029766e-06
20220206	1106	33	0.002711667213588953	0.0281737819314003
20220206	1106	34	0.036676183342933655	0.00038940581725910306
20220206	1106	35	0.015275111421942711	7.616389484610409e-05
20220206	1106	36	0.00014203180035110563	0.0008078451501205564
20220206	1106	37	0.036242857575416565	0.0017633559182286263
20220206	1106	38	0.0007421404006890953	0.012301505543291569
20220206	1106	39	0.0011743634240701795	0.021523550152778625
20220206	1106	40	0.004369939211755991	0.0008144063176587224
20220206	1106	41	0.024463895708322525	0.061214346438646317
20220206	1106	42	0.0015245942631736398	0.008558866567909718
20220206	1106	43	0.005554968025535345	0.0010402591433376074
20220206	1106	44	0.004507244098931551	2.230553400295321e-05
20220206	1106	45	0.012828998267650604	1.679090564721264e-05
20220206	1106	46	0.003944459371268749	0.0003155169542878866
20220206	1106	47	0.005137885920703411	0.00028228515293449163
20220206	1106	48	0.003653181716799736	0.030719002708792686
20220206	1106	49	0.06903242319822311	0.014622364193201065
20220206	1106	50	0.010302546434104443	0.018457530066370964
20220206	1106	51	0.04219110310077667	2.7307005439070053e-06
20220206	1106	52	0.013303539715707302	6.32583532933495e-06
20220206	1106	53	0.0034000652376562357	0.001078244880773127
20220206	1106	54	0.0005799364298582077	0.002556895138695836
20220206	1106	55	0.005326961167156696	2.3873326426837593e-05
20220206	1106	56	0.004860313609242439	7.570869001938263e-06
20220206	1106	57	0.014087200164794922	0.004085153341293335
20220206	1106	58	0.04038819670677185	0.0014308422105386853
20220206	1106	59	0.012493496760725975	0.00030330719891935587
20220206	1106	60	0.0006929890951141715	0.021185774356126785
20220206	1106	61	0.007896806113421917	0.008738407865166664
20220206	1106	62	0.004683113191276789	2.4288326585519826e-06
20220206	1106	63	0.030604681000113487	0.02876974083483219
20220206	1106	64	0.012025137431919575	0.00016076437896117568
20220206	1106	65	0.001013381639495492	0.0009627732215449214
20220206	1106	66	2.5068841296160826e-06	0.02518812194466591
20220206	1106	67	6.20692935626721e-06	0.0007830742979422212
20220206	1106	68	0.02386491745710373	0.05065431073307991
20220206	1106	69	0.014866942539811134	0.0028973377775400877
20220206	1106	70	8.197206625482067e-06	4.417571835801937e-05
20220206	1106	71	0.026514526456594467	7.513928721891716e-05
20220206	1106	72	0.00314061576500535	2.4879953343770467e-05
20220206	1106	73	0.011057310737669468	0.004146615508943796
20220206	1106	74	0.001310907187871635	0.0027580622117966413
20220206	1106	75	0.0025073797442018986	0.01869894191622734
20220206	1106	76	0.007383010815829039	0.00047226084279827774
20220206	1106	77	0.013179873116314411	0.02737789787352085
20220206	1106	78	0.00027612451231107116	0.00015725134289823472
20220206	1106	79	4.2611404182935075e-07	5.106422236167418e-07
20220206	1106	80	0.01283240970224142	0.011810450814664364
20220206	1106	81	0.013490445911884308	2.3064269043970853e-05
20220206	1106	82	0.013282373547554016	0.08752235770225525
20220206	1106	83	0.0007767494535073638	0.01933821104466915
20220206	1106	84	0.000283986737485975	0.0046085272915661335
20220206	1106	85	0.004513892345130444	5.824686013511382e-06
20220206	1106	86	0.013855639845132828	0.023711690679192543
20220206	1106	87	0.0002351334987906739	0.004659607540816069
20220206	1106	88	2.125002174580004e-05	0.023685038089752197
20220206	1106	89	1.920657086884603e-05	0.025487231090664864
20220206	1106	90	1.5602332496200688e-05	0.04502195492386818
20220206	1106	91	0.006230518221855164	0.00017220666632056236
20220206	1106	92	2.3436979290636373e-07	0.00480564683675766
20220206	1106	93	4.1411342976971355e-07	0.0015776832588016987
20220206	1106	94	0.01218772679567337	0.0017861664528027177
20220206	1106	95	0.009964785538613796	0.0045405905693769455
20220206	1106	96	0.009914668276906013	0.0029103111010044813
20220206	1106	97	0.001178476493805647	0.010362564586102962
20220206	1106	98	0.02734498679637909	0.00022173365869093686
20220206	1106	99	0.01593703404068947	8.70401663632947e-07
20220206	1106	100	0.00961762573570013	0.032589465379714966
20220211	1129	1	0.06160350888967514	0.048189058899879456
20220211	1129	2	0.010043800808489323	1.0535578439885285e-05
20220211	1129	3	0.03167540952563286	5.6725672038737684e-05
20220211	1129	4	0.01456178817898035	0.0014629034558311105
20220211	1129	5	0.032485537230968475	2.7873471481143497e-05
20220211	1129	6	0.01027046237140894	0.00047561764949932694
20220211	1129	7	0.004178991075605154	0.01066148467361927
20220211	1129	8	0.006583699956536293	1.4870729501126334e-05
20220211	1129	9	0.018333807587623596	0.0012379138497635722
20220211	1129	10	0.008725633844733238	0.005110975820571184
20220211	1129	11	0.005319629795849323	0.014788707718253136
20220211	1129	12	0.03345699608325958	0.15310171246528625
20220211	1129	13	0.0014226726489141583	9.854126983555034e-05
20220211	1129	14	0.011768071912229061	0.024075396358966827
20220211	1129	15	0.023631326854228973	0.00039267411921173334
20220211	1129	16	0.0012467749183997512	0.008322859182953835
20220211	1129	17	0.006771417334675789	0.007355337031185627
20220211	1129	18	0.025225406512618065	0.09597138315439224
20220211	1129	19	0.02378932386636734	7.368547016994853e-07
20220211	1129	20	0.00023656802659388632	0.0016782304737716913
20220211	1129	21	0.003040716052055359	1.2901350601168815e-06
20220211	1129	22	0.011538096703588963	0.00034275080543011427
20220211	1129	23	0.010293013416230679	0.0002721480850595981
20220211	1129	24	0.014689341187477112	4.277669063412759e-07
20220211	1129	25	0.009501036256551743	0.041639551520347595
20220211	1129	26	0.007735139690339565	3.353101055836305e-05
20220211	1129	27	0.0005915452493354678	0.06731364876031876
20220211	1129	28	0.0011206154013052583	0.00015976742724888027
20220211	1129	29	0.007915331050753593	0.00012908362259622663
20220211	1129	30	1.5547226212220266e-05	7.396987257379806e-06
20220211	1129	31	0.0009591272682882845	0.0029994435608386993
20220211	1129	32	0.00576531607657671	5.407216576713836e-06
20220211	1129	33	0.010723237879574299	0.035488635301589966
20220211	1129	34	0.025985918939113617	0.0001660711714066565
20220211	1129	35	0.0034432646352797747	0.0028180566150695086
20220211	1129	36	0.0008159302524290979	5.3964246035320684e-05
20220211	1129	37	0.02741907723248005	4.047185939271003e-06
20220211	1129	38	0.0003064570773858577	0.00018377802916802466
20220211	1129	39	7.162796828197315e-05	1.8507593267713673e-05
20220211	1129	40	0.004525408148765564	1.7528183889226057e-05
20220211	1129	41	0.017097432166337967	0.0010545561090111732
20220211	1129	42	0.0011387282283976674	0.030076980590820312
20220211	1129	43	0.00015152792911976576	0.010455582290887833
20220211	1129	44	0.0007959362701512873	0.005414579063653946
20220211	1129	45	1.9658999008242972e-05	0.0007085058023221791
20220211	1129	46	4.72007877760916e-06	0.00013149519509170204
20220211	1129	47	0.00021007999021094292	2.5115141397691332e-05
20220211	1129	48	4.9183486225956585e-06	0.0014938990352675319
20220211	1129	49	0.01887737214565277	4.157491639489308e-05
20220211	1129	50	3.299433046777267e-06	0.011775266379117966
20220211	1129	51	7.703556912019849e-05	0.0002530867059249431
20220211	1129	52	0.012466429732739925	0.02968648634850979
20220211	1129	53	0.00031625007977709174	2.3345133740804158e-05
20220211	1129	54	0.005565484054386616	0.0006049923249520361
20220211	1129	55	0.012914163060486317	0.004765968304127455
20220211	1129	56	0.003208463778719306	0.005418316926807165
20220211	1129	57	3.618476330302656e-05	0.006998774129897356
20220211	1129	58	0.0009403513977304101	1.0743226084741764e-05
20220211	1129	59	1.0890994417422917e-05	0.020162370055913925
20220211	1129	60	0.0002910973271355033	1.197355459225946e-07
20220211	1129	61	0.011724332347512245	6.234785814740462e-06
20220211	1129	62	1.3729200531997776e-07	3.4824913655029377e-06
20220211	1129	63	0.0016175719210878015	0.01985061913728714
20220211	1129	64	1.5352914488175884e-05	5.058378178546263e-07
20220211	1129	65	0.016972562298178673	0.0002702870115172118
20220211	1129	66	0.012192713096737862	6.45204636384733e-06
20220211	1129	67	0.041499242186546326	0.00017691207176540047
20220211	1129	68	0.012140512466430664	0.0012272677849978209
20220211	1129	69	0.005543702282011509	0.11794701963663101
20220211	1129	70	0.0062894271686673164	0.03349274769425392
20220211	1129	71	0.0011746027739718556	0.010373019613325596
20220211	1129	72	6.714916708006058e-06	3.704551636474207e-05
20220211	1129	73	0.0051132189109921455	0.007299508899450302
20220211	1129	74	0.007168608717620373	0.050641968846321106
20220211	1129	75	0.007340816780924797	0.12603147327899933
20220211	1129	76	0.010450813919305801	0.03844062238931656
20220211	1129	77	0.002529705408960581	0.023513933643698692
20220211	1129	78	0.0034846134949475527	5.4475076467497274e-06
20220211	1129	79	0.00011045659630326554	0.0054516601376235485
20220211	1129	80	4.547343621652544e-07	0.00013712448708247393
20220211	1129	81	0.00022795904078520834	8.200333468266763e-06
20220211	1129	82	0.0006147653330117464	3.8062312341935467e-06
20220211	1129	83	0.003653078805655241	0.0008599500288255513
20220211	1129	84	0.007906118407845497	0.0008703791536390781
20220211	1129	85	1.8012153759627836e-06	0.005188723560422659
20220211	1129	86	6.586468953173608e-05	0.005122130736708641
20220211	1129	87	3.62818695975875e-06	0.06192987039685249
20220211	1129	88	1.0840196864592144e-06	1.82502589041178e-07
20220211	1129	89	0.0006767581799067557	4.794469077751273e-06
20220211	1129	90	0.009157167747616768	0.009574903175234795
20220211	1129	91	0.007668712176382542	0.018750403076410294
20220211	1129	92	0.0006901308079250157	6.387405846908223e-06
20220211	1129	93	0.0036295426543802023	2.3736346221880922e-08
20220211	1129	94	0.009302949532866478	0.0640781968832016
20220211	1129	95	0.0007494679884985089	0.07609197497367859
20220211	1129	96	0.025014832615852356	0.0009336849907413125
20220211	1129	97	0.0005769535782746971	0.009791495278477669
20220211	1129	98	0.0007765810005366802	0.0006140869227237999
20220211	1129	99	0.00014116834790911525	0.22527679800987244
20220211	1129	100	1.4996543313827715e-06	2.711180115966272e-07
20220213	1129	1	0.01819542422890663	4.219796068127835e-09
20220213	1129	2	5.116619649925269e-05	4.272536457960996e-08
20220213	1129	3	0.01768220029771328	0.022534387186169624
20220213	1129	4	0.011103538796305656	0.008185998536646366
20220213	1129	5	0.005765733774751425	3.511000386424712e-06
20220213	1129	6	0.00033779340446926653	3.5339584769644716e-07
20220213	1129	7	0.007323658559471369	3.53407507702741e-08
20220213	1129	8	1.093678565666778e-05	0.053254321217536926
20220213	1129	9	0.014802603982388973	9.38900015512445e-08
20220213	1129	10	0.0008959640399552882	3.239673333155224e-06
20220213	1129	11	0.00017681368626654148	1.1604429417388928e-08
20220213	1129	12	1.3071170542389154e-05	2.6373732087137114e-09
20220213	1129	13	3.778104201046517e-06	4.330418050813023e-07
20220213	1129	14	3.1985400710254908e-06	1.5824239696371478e-09
20220213	1129	15	2.6517893729760544e-06	2.8010783807985717e-06
20220213	1129	16	0.03155037760734558	0.002906337846070528
20220213	1129	17	0.01944146119058132	0.017911186441779137
20220213	1129	18	0.001281756442040205	1.5085663562786067e-07
20220213	1129	19	6.943807238712907e-05	0.03145088627934456
20220213	1129	20	0.0005097444518469274	0.0006307996227405965
20220213	1129	21	2.423864998490899e-06	2.152153228962561e-06
20220213	1129	22	0.0018219754565507174	3.1648479392742956e-09
20220213	1129	23	8.400635920224886e-07	1.0549483953070649e-08
20220213	1129	24	0.001448561903089285	0.0016867714002728462
20220213	1129	25	0.005027064587920904	1.4795777133258525e-05
20220213	1129	26	2.05056003323989e-05	5.000282499167952e-07
20220213	1129	27	0.00786715280264616	5.3274646916179336e-08
20220213	1129	28	0.013489616103470325	0.005802301224321127
20220213	1129	29	0.0008945170557126403	0.001503976178355515
20220213	1129	30	2.472517905971472e-07	5.854748224010109e-07
20220213	1129	31	5.299743293107895e-07	2.869371087399486e-07
20220213	1129	32	0.0012527155922725797	9.721940296003595e-05
20220213	1129	33	0.003367632394656539	0.018286416307091713
20220213	1129	34	0.00865328311920166	0.00019395796698518097
20220213	1129	35	0.009346330538392067	2.4791273034452388e-08
20220213	1129	36	3.1418632715940475e-05	2.4363767806789838e-05
20220213	1129	37	0.000832391728181392	0.0003857616684399545
20220213	1129	38	0.0038127414882183075	0.00044745253399014473
20220213	1129	39	0.0002748873666860163	0.04690994322299957
20220213	1129	40	0.009244093671441078	1.0295207175659016e-06
20220213	1129	41	7.867920066928491e-05	2.2952921426622197e-05
20220213	1129	42	0.0023637234698981047	0.0010140480007976294
20220213	1129	43	0.000731646316125989	0.0008189936634153128
20220213	1129	44	4.648158937925473e-05	4.360701495897956e-05
20220213	1129	45	9.336884545518842e-07	9.49453582421711e-09
20220213	1129	46	5.274216050565883e-07	0.13246417045593262
20220213	1129	47	0.0005645923083648086	0.027662891894578934
20220213	1129	48	0.00549894105643034	0.014879011549055576
20220213	1129	49	5.37703954250901e-06	0.01831577531993389
20220213	1129	50	0.00032353377901017666	0.013851117342710495
20220213	1129	51	0.00013723454321734607	0.022974500432610512
20220213	1129	52	0.02753281220793724	0.05549235641956329
20220213	1129	53	0.04670432209968567	0.012232406064867973
20220213	1129	54	6.185001439007465e-06	0.0070491028018295765
20220213	1129	55	0.01145827304571867	0.026712872087955475
20220213	1129	56	0.0003306577855255455	0.04943578317761421
20220213	1129	57	0.00027645615045912564	0.0076772370375692844
20220213	1129	58	1.6322985629813047e-06	0.00018911347433459014
20220213	1129	59	0.0019484643125906587	8.090261871984694e-06
20220213	1129	60	8.373325545107946e-05	0.16223962604999542
20220213	1129	61	0.007925997488200665	0.06106920167803764
20220213	1129	62	5.214254542806884e-06	0.07673868536949158
20220213	1129	63	0.002546656643971801	0.009157509543001652
20220213	1129	64	0.0003809528425335884	7.437366633666898e-08
20220213	1129	65	0.005501268897205591	0.010488612577319145
20220213	1129	66	0.001581791089847684	9.640332791605033e-06
20220213	1129	67	8.13282749732025e-05	0.11364173889160156
20220213	1129	68	0.0025159905198961496	0.00023750614491291344
20220213	1129	69	2.4953762931545498e-06	0.08082817494869232
20220213	1129	70	0.003645151387900114	0.0019167083082720637
20220213	1129	71	0.008945206180214882	0.032911669462919235
20220213	1129	72	6.834293890278786e-05	0.15055325627326965
20220213	1129	73	0.014324108138680458	9.409845370100811e-05
20220213	1129	74	9.06732657313114e-06	0.04456283897161484
20220213	1129	75	0.0003123739443253726	8.001268838597753e-07
20220213	1129	76	1.1142551556986291e-05	0.0072447615675628185
20220213	1129	77	0.02644943818449974	0.034542545676231384
20220213	1129	78	0.00028566468972712755	0.004292487166821957
20220213	1129	79	0.006944318767637014	0.00010426441440358758
20220213	1129	80	0.007839811965823174	0.00029357324820011854
20220213	1129	81	0.0009860668797045946	9.443509043194354e-06
20220213	1129	82	8.052848698980597e-08	0.00015771202743053436
20220213	1129	83	0.011164618656039238	0.03005681000649929
20220213	1129	84	0.00034511223202571273	6.007749107084237e-07
20220213	1129	85	9.778340199773083e-07	0.0033669208642095327
20220213	1129	86	0.004670220892876387	1.1508293482620502e-06
20220213	1129	87	0.0006739890668541193	0.07419133186340332
20220213	1129	88	4.869444865107653e-07	0.0751400738954544
20220213	1129	89	0.00036849206662736833	0.01214070525020361
20220213	1129	90	5.1210859055572655e-06	0.0002444085548631847
20220213	1129	91	0.00029785139486193657	0.037325169891119
20220213	1129	92	6.062514330551494e-06	7.912068156201713e-08
20220213	1129	93	0.01567324995994568	0.03226671740412712
20220213	1129	94	0.01002217922359705	0.01217627339065075
20220213	1129	95	3.945564003515756e-06	0.02148698829114437
20220213	1129	96	0.00020044208213221282	0.16846708953380585
20220213	1129	97	0.001997845945879817	1.3519565072783735e-05
20220213	1129	98	6.781552201573504e-06	7.753811814836808e-08
20220213	1129	99	0.00035298801958560944	5.049103947385447e-06
20220213	1129	100	0.02497679740190506	0.008894347585737705
20220213	1125	1	0.01561990287154913	8.947746437115711e-07
20220213	1125	2	0.006767372600734234	1.2968083638043026e-06
20220213	1125	3	0.0062917303293943405	0.00013125143595971167
20220213	1125	4	0.0033963911700993776	4.866593371843919e-05
20220213	1125	5	0.011133748106658459	7.71355553297326e-06
20220213	1125	6	0.016859618946909904	1.6792206224636175e-05
20220213	1125	7	0.0017908965237438679	1.059638043976463e-09
20220213	1125	8	0.00012843152217101306	2.537793477586092e-07
20220213	1125	9	0.00045179793960414827	3.4989356208825484e-05
20220213	1125	10	0.011758703738451004	0.06371155381202698
20220213	1125	11	0.012318904511630535	0.0002501893322914839
20220213	1125	12	0.001081514754332602	7.458723121089861e-05
20220213	1125	13	5.922158834437141e-06	9.016648618853651e-07
20220213	1125	14	1.8397292933514109e-06	3.019962946382293e-08
20220213	1125	15	7.740539444966998e-07	0.00024344664416275918
20220213	1125	16	0.002850361866876483	2.4653945729369298e-06
20220213	1125	17	0.011735857464373112	0.0010970683069899678
20220213	1125	18	0.0060881259851157665	1.7809661585488357e-05
20220213	1125	19	0.0012703712563961744	2.649091079831578e-08
20220213	1125	20	1.687398878402746e-07	0.003436626633629203
20220213	1125	21	5.133174909133231e-06	0.005597379989922047
20220213	1125	22	0.0017996401293203235	0.0005414984188973904
20220213	1125	23	1.2031748610752402e-06	0.002230810932815075
20220213	1125	24	0.02058260515332222	0.006324703339487314
20220213	1125	25	0.02275320701301098	4.802521743840771e-06
20220213	1125	26	0.0006778122042305768	0.03707241639494896
20220213	1125	27	0.00020956812659278512	1.1656013043648272e-08
20220213	1125	28	0.0025232648476958275	1.2456080185074825e-05
20220213	1125	29	0.004693999420851469	2.5603740141377784e-06
20220213	1125	30	0.004265208262950182	0.008351562544703484
20220213	1125	31	1.1417399292668051e-07	0.004323251079767942
20220213	1125	32	3.455135811236687e-05	0.00046374136582016945
20220213	1125	33	0.004124990198761225	6.35779997537611e-08
20220213	1125	34	0.016400469467043877	0.030155861750245094
20220213	1125	35	0.008074400946497917	0.054267194122076035
20220213	1125	36	1.0600616406009067e-05	5.828007854091766e-09
20220213	1125	37	2.5155663934128825e-06	6.304829014425195e-08
20220213	1125	38	6.19427623860247e-07	0.00024081488663796335
20220213	1125	39	8.479312236886472e-05	0.000686438346747309
20220213	1125	40	1.456998788285091e-08	2.7073480168837705e-07
20220213	1125	41	0.0003902530006598681	4.6203808778955135e-06
20220213	1125	42	2.4636500839392284e-08	6.129323446657509e-05
20220213	1125	43	2.3173997760750353e-06	3.7581125980068464e-06
20220213	1125	44	0.002128868829458952	0.03781142830848694
20220213	1125	45	0.0002981135621666908	0.022488532587885857
20220213	1125	46	0.0064493222162127495	0.0532439723610878
20220213	1125	47	0.04296649247407913	0.007151192519813776
20220213	1125	48	0.004297590348869562	0.0002686494553927332
20220213	1125	49	0.008296136744320393	0.0034660566598176956
20220213	1125	50	2.433312374705565e-06	4.507932771957712e-06
20220213	1125	51	0.009070979431271553	0.006171317305415869
20220213	1125	52	4.1693897401273716e-07	6.302293331827968e-05
20220213	1125	53	6.1632495089725126e-06	0.001462422776967287
20220213	1125	54	0.0036642595659941435	0.019702835008502007
20220213	1125	55	1.856438393588178e-05	0.01240701973438263
20220213	1125	56	2.148747853425448e-06	2.262296021626753e-07
20220213	1125	57	0.00019108121341560036	2.3788241776401264e-07
20220213	1125	58	0.010037769563496113	1.573637746332679e-05
20220213	1125	59	7.986934491555076e-08	2.9900700155849336e-06
20220213	1125	60	0.0034960920456796885	4.645725493901409e-05
20220213	1125	61	0.0009757190127857029	6.993566614710289e-08
20220213	1125	62	5.324628915559515e-08	0.0043660784140229225
20220213	1125	63	0.014395843259990215	1.4881416973366868e-05
20220213	1125	64	0.009297902695834637	9.263113497581799e-06
20220213	1125	65	0.0007207722519524395	1.1497006369154406e-07
20220213	1125	66	3.5026092518819496e-05	1.4425058907363564e-06
20220213	1125	67	0.011294802650809288	2.8926038794452325e-05
20220213	1125	68	0.02189716510474682	1.0587647921056487e-05
20220213	1125	69	1.103327846863067e-07	9.347697414341383e-06
20220213	1125	70	5.769053677795455e-05	0.007951645180583
20220213	1125	71	0.000695193069986999	2.5109786747634644e-06
20220213	1125	72	0.009732862934470177	0.04590160772204399
20220213	1125	73	0.0005701837944798172	0.0
20220213	1125	74	6.443158326874254e-06	0.00037074938882142305
20220213	1125	75	0.003816465614363551	0.005324758589267731
20220213	1125	76	0.011420191265642643	6.8876451209121115e-09
20220213	1125	77	0.0002715552400331944	1.239768181449108e-07
20220213	1125	78	8.220796007663012e-05	1.9790812075370923e-05
20220213	1125	79	0.006323852110654116	0.032719798386096954
20220213	1125	80	4.493174856179394e-06	2.537807404223713e-07
20220213	1125	81	1.8288548744749278e-05	0.0002916693047154695
20220213	1125	82	0.002816190477460623	0.0012065328191965818
20220213	1125	83	0.00014284519420471042	5.427926680567907e-06
20220213	1125	84	2.0501505787251517e-05	0.014172377996146679
20220213	1125	85	0.020307136699557304	0.0003637297486420721
20220213	1125	86	3.524275200561533e-07	3.787286550505087e-05
20220213	1125	87	3.4437970697354103e-08	1.5894435989594058e-07
20220213	1125	88	0.0062041557393968105	5.827665745528066e-07
20220213	1125	89	6.16020633970038e-06	0.04187184199690819
20220213	1125	90	0.0003596047463361174	1.3826632994096144e-06
20220213	1125	91	0.00662849098443985	5.516091732715722e-06
20220213	1125	92	1.5612647985108197e-05	3.1789133547732717e-09
20220213	1125	93	1.7920473283083993e-07	1.0869077414099593e-05
20220213	1125	94	2.691064082682715e-06	5.192203289539066e-08
20220213	1125	95	0.003674339270219207	0.057886965572834015
20220213	1125	96	0.00024304131511598825	0.02277011051774025
20220213	1125	97	0.0019129589200019836	0.008938100188970566
20220213	1125	98	3.794500287312985e-07	5.223781727181631e-07
20220213	1125	99	0.0003354855580255389	0.016242101788520813
20220213	1125	100	7.685337914153934e-05	1.6212187858855032e-07
20220223	1128	1	0.06374096870422363	0.01895608752965927
20220223	1128	2	8.440042438451201e-05	0.005646537523716688
20220223	1128	3	0.04579624533653259	9.393982622896146e-07
20220223	1128	4	0.001482345163822174	0.004555905237793922
20220223	1128	5	3.520357950037578e-06	4.6938225750636775e-06
20220223	1128	6	0.021296104416251183	3.265032864874229e-05
20220223	1128	7	6.320846068774699e-07	0.0396549217402935
20220223	1128	8	0.001501529011875391	1.2204455970277195e-06
20220223	1128	9	0.004961006343364716	0.038083236664533615
20220223	1128	10	0.02545991539955139	4.96251277581905e-06
20220223	1128	11	0.020242132246494293	0.006480414420366287
20220223	1128	12	0.00021486834157258272	0.00016164433327503502
20220223	1128	13	0.04052647575736046	0.05878457799553871
20220223	1128	14	8.854583029460628e-06	0.025752989575266838
20220223	1128	15	0.025658058002591133	6.504236807813868e-05
20220223	1128	16	0.004823084454983473	0.0542784184217453
20220223	1128	17	0.006682404782623053	4.036626705783419e-06
20220223	1128	18	0.011374050751328468	2.595132286842272e-07
20220223	1128	19	0.015748988837003708	9.1212619736325e-05
20220223	1128	20	1.0560581358731724e-05	0.00022745806199964136
20220223	1128	21	0.0041909050196409225	8.409017027588561e-06
20220223	1128	22	2.0760748157044873e-05	4.282583904569037e-05
20220223	1128	23	0.0035995023790746927	1.5226554751279764e-05
20220223	1128	24	0.009962971322238445	0.012084835208952427
20220223	1128	25	0.00012001107825199142	6.914700065863144e-07
20220223	1128	26	0.0003088614612352103	0.05040285363793373
20220223	1128	27	0.015973089262843132	1.7136036376541597e-06
20220223	1128	28	0.000306465633912012	3.5838191251968965e-05
20220223	1128	29	0.0033778813667595387	1.0258800102747045e-06
20220223	1128	30	0.01888895221054554	1.282355788134737e-05
20220223	1128	31	0.0016814242117106915	2.3590027922182344e-06
20220223	1128	32	0.0003601234930101782	0.007704701740294695
20220223	1128	33	0.00020827406842727214	0.10544288158416748
20220223	1128	34	0.02193397656083107	0.0009107233490794897
20220223	1128	35	0.0035762982442975044	0.0004089929279871285
20220223	1128	36	0.0005588188068941236	0.0003207454865332693
20220223	1128	37	1.3348036986826628e-07	3.2385958093072986e-07
20220223	1128	38	5.6826875152182765e-06	1.0022013441357558e-08
20220223	1128	39	3.334931534482166e-05	0.0001484119420638308
20220223	1128	40	5.654153483192204e-07	0.015749145299196243
20220223	1128	41	0.0008647931390441954	3.5254433896625414e-06
20220223	1128	42	0.003727972274646163	1.0180212939303601e-07
20220223	1128	43	0.0031354797538369894	1.0549491946676426e-08
20220223	1128	44	0.02860506996512413	5.136964318808168e-06
20220223	1128	45	0.008141893893480301	0.0036436887457966805
20220223	1128	46	1.3022623534197919e-05	0.000654090428724885
20220223	1128	47	0.000181868439540267	0.0009091480169445276
20220223	1128	48	1.7814686259498558e-07	0.023969925940036774
20220223	1128	49	0.0005236126016825438	0.030783507972955704
20220223	1128	50	0.00837875995784998	0.033591143786907196
20220223	1128	51	0.007416518405079842	0.0035626483149826527
20220223	1128	52	0.01932615414261818	0.00018153390556108207
20220223	1128	53	1.1412375897634774e-05	3.378514520591125e-05
20220223	1128	54	0.00019631869508884847	0.03278953582048416
20220223	1128	55	0.03102974407374859	0.0008717742748558521
20220223	1128	56	0.003459713188931346	0.0005537996185012162
20220223	1128	57	4.923593905914458e-07	0.02343931421637535
20220223	1128	58	6.751144496774941e-07	4.400122179504251e-06
20220223	1128	59	0.002432155655696988	0.00022381496091838926
20220223	1128	60	0.008615712635219097	6.602371740882518e-06
20220223	1128	61	0.0018677546177059412	4.54155815532431e-05
20220223	1128	62	0.0045353625901043415	3.8926881984480133e-07
20220223	1128	63	0.004843586590141058	5.591217444589347e-08
20220223	1128	64	0.005993441212922335	9.57792053668527e-07
20220223	1128	65	0.0002662477781996131	1.4118569424681482e-06
20220223	1128	66	0.006335000041872263	1.3671243550561485e-06
20220223	1128	67	9.002345177577808e-05	0.016590895131230354
20220223	1128	68	0.002257887041196227	6.324221999420843e-07
20220223	1128	69	0.0005810475558973849	3.412666558233468e-07
20220223	1128	70	9.841342398431152e-05	3.32298725425062e-07
20220223	1128	71	6.4951464082696475e-06	4.747271464822234e-09
20220223	1128	72	5.7099159675999545e-06	1.0022013441357558e-08
20220223	1128	73	1.814584834392008e-06	8.122641702357214e-06
20220223	1128	74	1.8502516851981454e-08	4.831555315831793e-07
20220223	1128	75	1.6506412237049517e-07	3.810053749475628e-05
20220223	1128	76	0.015054626390337944	2.9749264740530634e-07
20220223	1128	77	2.2043472824861965e-07	3.12250949718873e-06
20220223	1128	78	1.1511072983694248e-07	0.00023620268621016294
20220223	1128	79	0.0013509840937331319	0.006750623695552349
20220223	1128	80	3.789315542235272e-06	0.002982703037559986
20220223	1128	81	0.0170323196798563	4.7047338739503175e-05
20220223	1128	82	0.013212951831519604	0.0001434264559065923
20220223	1128	83	1.3403342791207251e-06	0.0015348107554018497
20220223	1128	84	0.0005116736865602434	2.6373732087137114e-09
20220223	1128	85	0.007700663525611162	6.804257850490103e-07
20220223	1128	86	0.00022802635794505477	0.06002255156636238
20220223	1128	87	2.2257392629398964e-05	0.0007417991873808205
20220223	1128	88	0.002669974695891142	0.07431456446647644
20220223	1128	89	0.004011621233075857	1.147774946730351e-05
20220223	1128	90	0.0021402938291430473	3.860962465296325e-07
20220223	1128	91	0.009155345149338245	1.3148721336619928e-05
20220223	1128	92	1.3694898370886222e-06	0.01319161057472229
20220223	1128	93	0.007471046410501003	2.9538529844330697e-08
20220223	1128	94	3.5100117656838847e-07	0.0018088191282004118
20220223	1128	95	1.6384577747885487e-06	9.494538488752369e-09
20220223	1128	96	2.4867808861017693e-06	1.2131913251778315e-08
20220223	1128	97	0.0019988049753010273	3.588839535950683e-05
20220223	1128	98	1.4378431842487771e-05	0.004734794609248638
20220223	1128	99	1.6784415635129335e-08	0.000234533246839419
20220223	1128	100	2.0735379280267807e-07	3.4231825907227176e-07
20220223	1142	1	0.0007364513585343957	0.07722712308168411
20220223	1142	2	0.05067093297839165	0.05400829762220383
20220223	1142	3	0.035504624247550964	1.1763211205106927e-06
20220223	1142	4	0.014104407280683517	6.640997526119463e-06
20220223	1142	5	0.01528724655508995	0.07244227826595306
20220223	1142	6	0.00546043599024415	7.808463209357797e-09
20220223	1142	7	0.04469696059823036	0.010894294828176498
20220223	1142	8	0.005177815444767475	0.030947713181376457
20220223	1142	9	0.006228081416338682	0.0005111425998620689
20220223	1142	10	0.01046670414507389	9.633715671952814e-05
20220223	1142	11	0.0005887366714887321	0.05039812624454498
20220223	1142	12	0.0033800327219069004	0.0004945870023220778
20220223	1142	13	0.01612386479973793	4.130116394662764e-06
20220223	1142	14	0.004678694996982813	1.435590547771426e-06
20220223	1142	15	0.0038895991165190935	0.029508886858820915
20220223	1142	16	0.009778893552720547	1.66580456095744e-08
20220223	1142	17	4.8287332901963964e-05	0.18988528847694397
20220223	1142	18	0.0037687858566641808	0.26259633898735046
20220223	1142	19	0.025984445586800575	6.298812138538779e-08
20220223	1142	20	0.000937615754082799	0.01694018580019474
20220223	1142	21	0.007211230229586363	0.04175897315144539
20220223	1142	22	0.00027853940264321864	6.475490295088093e-07
20220223	1142	23	0.009114992804825306	0.09506551176309586
20220223	1142	24	6.751896580681205e-05	0.0553896501660347
20220223	1142	25	0.0029863424133509398	0.0731859803199768
20220223	1142	26	0.001379296649247408	2.0822581436874543e-09
20220223	1142	27	3.164896725138533e-06	0.02939358726143837
20220223	1142	28	1.3751807273365557e-05	7.287901393482343e-09
20220223	1142	29	0.004252550657838583	0.0001276325638173148
20220223	1142	30	0.00012439808051567525	1.4927230949979275e-05
20220223	1142	31	0.01169598288834095	6.584473158000037e-05
20220223	1142	32	0.005027131177484989	1.7178610534074323e-08
20220223	1142	33	0.008963127620518208	0.11729886382818222
20220223	1142	34	0.010958550497889519	0.029325442388653755
20220223	1142	35	4.2519261000961706e-07	1.0461365491210017e-05
20220223	1142	36	7.076330348354531e-07	0.05107489600777626
20220223	1142	37	0.0001611680636415258	3.748054666630196e-08
20220223	1142	38	8.832590765450732e-07	0.010171175934374332
20220223	1142	39	0.00023684068582952023	0.028766576200723648
20220223	1142	40	0.005001361481845379	0.04416424408555031
20220223	1142	41	3.34849960381689e-06	1.561693663276742e-09
20220223	1142	42	7.333442226808984e-07	0.0009614164009690285
20220223	1142	43	0.00042354740435257554	0.030880779027938843
20220223	1142	44	3.3008634545694804e-06	1.093185009182207e-08
20220223	1142	45	1.0237052947559278e-06	0.0005022987024858594
20220223	1142	46	0.00028680500690825284	0.10682368278503418
20220223	1142	47	0.0021346851717680693	0.08051514625549316
20220223	1142	48	0.006123546045273542	1.8427606107707106e-07
20220223	1142	49	0.0034268891904503107	0.2905150353908539
20220223	1142	50	9.779394360975857e-08	0.22647126019001007
20220223	1142	51	0.0003414425009395927	0.04155566170811653
20220223	1142	52	0.0031865667551755905	0.007577993907034397
20220223	1142	53	0.0015305260894820094	0.033608198165893555
20220223	1142	54	2.0484952756305574e-07	3.4929047387777246e-07
20220223	1142	55	1.4498857126454823e-05	6.8193671154404e-08
20220223	1142	56	0.0034297634847462177	1.1414763321226928e-06
20220223	1142	57	0.003651896258816123	0.015119321644306183
20220223	1142	58	0.0011781832436099648	0.243188738822937
20220223	1142	59	0.0007676892564631999	0.01998910680413246
20220223	1142	60	2.5785748221096583e-06	0.08508239686489105
20220223	1142	61	6.646400379395345e-06	0.00015361375699285418
20220223	1142	62	0.00047371871187351644	0.06313300877809525
20220223	1142	63	0.01733245886862278	1.294231515203137e-05
20220223	1142	64	1.909528236865299e-06	0.005987250246107578
20220223	1142	65	0.01785293035209179	0.030979599803686142
20220223	1142	66	0.00040257509681396186	0.052180252969264984
20220223	1142	67	0.0002635421697050333	0.17014558613300323
20220223	1142	68	0.0003659165813587606	0.08585598319768906
20220223	1142	69	0.0001899651251733303	0.26106855273246765
20220223	1142	70	0.06224354729056358	5.205645359218636e-10
20220223	1142	71	3.0030669506686536e-08	0.08691415190696716
20220223	1142	72	0.001394270802848041	0.32076555490493774
20220223	1142	73	0.0146793769672513	0.0019328814232721925
20220223	1142	74	1.2318371773289982e-05	3.373883373569697e-05
20220223	1142	75	0.016424139961600304	0.034914530813694
20220223	1142	76	0.004300609230995178	4.124456609133631e-06
20220223	1142	77	0.013730727136135101	0.00011344717495376244
20220223	1142	78	7.012997957644984e-05	1.076490843843203e-05
20220223	1142	79	1.4309746632079623e-07	0.0003681315283756703
20220223	1142	80	1.1262695807090495e-06	5.882341014284975e-08
20220223	1142	81	0.002204796764999628	0.04203881695866585
20220223	1142	82	2.872511117857357e-09	0.013131337240338326
20220223	1142	83	0.0038153566420078278	6.954412015147682e-07
20220223	1142	84	0.016253143548965454	0.06679162383079529
20220223	1142	85	0.00040240594535134733	0.012150467373430729
20220223	1142	86	1.2312064427533187e-05	0.018921930342912674
20220223	1142	87	0.018283767625689507	4.4247880026659914e-08
20220223	1142	88	1.5618956240359694e-05	0.2332601249217987
20220223	1142	89	1.3461836942951777e-06	2.111553612849093e-06
20220223	1142	90	8.081965319206574e-08	0.05457751452922821
20220223	1142	91	1.378876163471432e-06	0.010072357021272182
20220223	1142	92	0.002628751564770937	0.13454987108707428
20220223	1142	93	0.007622524164617062	0.14851419627666473
20220223	1142	94	0.04032304510474205	1.0411290718437272e-09
20220223	1142	95	9.894622962747235e-06	0.0022424091584980488
20220223	1142	96	0.0032132903579622507	1.8479815366845287e-07
20220223	1142	97	0.0019363778410479426	0.0001286006299778819
20220223	1142	98	2.775743951133336e-06	0.07366739213466644
20220223	1142	99	5.17596272402443e-05	0.0020993950311094522
20220223	1142	100	0.0010346167255192995	0.03473608195781708
20220227	1150	1	0.00891091302037239	1.8262204548591399e-06
20220227	1150	2	0.0007869430701248348	4.1982307408261477e-08
20220227	1150	3	0.0006723642582073808	0.15097211301326752
20220227	1150	4	0.005673322826623917	9.115699504036456e-05
20220227	1150	5	0.02216494269669056	0.0027594335842877626
20220227	1150	6	0.010073798708617687	2.3169175619841553e-05
20220227	1150	7	0.0029200813733041286	2.0111305275349878e-05
20220227	1150	8	0.0044624959118664265	0.0014566695317626
20220227	1150	9	0.016461385414004326	2.5935209123417735e-05
20220227	1150	10	0.01389400102198124	0.003883590456098318
20220227	1150	11	0.00015658263873774558	0.008533786050975323
20220227	1150	12	0.0008047798764891922	0.04769652336835861
20220227	1150	13	0.0316331572830677	2.1314419882401126e-06
20220227	1150	14	0.010232996195554733	1.2594647103014722e-07
20220227	1150	15	0.0008542138384655118	5.76314789668686e-07
20220227	1150	16	0.001983361318707466	0.06083192676305771
20220227	1150	17	0.003906847909092903	0.059277329593896866
20220227	1150	18	0.00017830904107540846	8.746447747398634e-06
20220227	1150	19	0.015663761645555496	0.07921389490365982
20220227	1150	20	6.502874384750612e-06	4.17781739088241e-05
20220227	1150	21	7.017839834588813e-06	5.701310978878382e-09
20220227	1150	22	0.002573398407548666	1.554902162581584e-08
20220227	1150	23	1.0521039683908384e-07	5.25569703313522e-06
20220227	1150	24	4.0977135995490244e-07	3.550232747784321e-07
20220227	1150	25	0.00012987747322767973	8.123883162625134e-06
20220227	1150	26	7.165815986809321e-06	4.0427377001606146e-08
20220227	1150	27	3.2986397854983807e-05	1.0704793567128945e-05
20220227	1150	28	3.029863819392631e-06	0.001916189445182681
20220227	1150	29	1.0715711340480993e-07	0.0016455529257655144
20220227	1150	30	0.009264188818633556	0.05745386332273483
20220227	1150	31	0.005901677533984184	5.615204827336129e-06
20220227	1150	32	0.0009016788681037724	0.0002345289831282571
20220227	1150	33	0.006611980032175779	4.1982310960975155e-08
20220227	1150	34	1.8239053360957769e-06	1.3682397366210353e-05
20220227	1150	35	1.7471576256866683e-06	1.5962064935592934e-05
20220227	1150	36	3.299798549960542e-07	0.001903574331663549
20220227	1150	37	5.373631779548305e-07	3.679924276411839e-08
20220227	1150	38	0.006903951987624168	1.53970395331271e-05
20220227	1150	39	0.02240998111665249	0.022349713370203972
20220227	1150	40	6.29087480774615e-06	5.4908276069909334e-05
20220227	1150	41	0.008339829742908478	0.0016229195753112435
20220227	1150	42	0.0008109017508104444	0.002681516343727708
20220227	1150	43	0.0004507031408138573	0.021565692499279976
20220227	1150	44	0.03720850870013237	0.04451378434896469
20220227	1150	45	2.3913478344184114e-06	1.8796024505718378e-06
20220227	1150	46	0.0020507401786744595	0.004286136943846941
20220227	1150	47	4.470295422720483e-08	0.04593418911099434
20220227	1150	48	3.090221753154765e-06	2.202745577051246e-07
20220227	1150	49	0.031426552683115005	7.048861760949876e-08
20220227	1150	50	2.474677785357926e-06	3.484057015157305e-05
20220227	1150	51	3.711299359565601e-05	3.939072712455527e-08
20220227	1150	52	1.7932306661805342e-07	0.11267770081758499
20220227	1150	53	1.671518568002739e-08	0.010205384343862534
20220227	1150	54	0.0007082573720254004	0.0017429344588890672
20220227	1150	55	0.0012495843693614006	5.965031232335605e-05
20220227	1150	56	2.8747175747412257e-05	0.04091155156493187
20220227	1150	57	0.003228269750252366	0.012551483698189259
20220227	1150	58	1.243918834603619e-08	4.146408993932482e-09
20220227	1150	59	4.583697227644734e-05	1.2925236205774127e-06
20220227	1150	60	0.007832595147192478	0.002180297626182437
20220227	1150	61	0.0028164591640233994	2.034684075624682e-05
20220227	1150	62	0.00974410679191351	0.17258843779563904
20220227	1150	63	1.899508060887456e-05	0.0012588168028742075
20220227	1150	64	0.015360291115939617	5.137484549777582e-05
20220227	1150	65	8.904172864276916e-05	4.746192644233815e-06
20220227	1150	66	3.7134630019863835e-06	0.008658874779939651
20220227	1150	67	0.009087352082133293	0.07421161979436874
20220227	1150	68	0.003121329937130213	0.0009541510953567922
20220227	1150	69	3.197107798769139e-05	0.04509397968649864
20220227	1150	70	2.5993506369559327e-06	0.10489677637815475
20220227	1150	71	2.5785414692336417e-08	0.0017366751562803984
20220227	1150	72	0.008173933252692223	0.0009650550200603902
20220227	1150	73	1.48178742165328e-05	0.00013415284047368914
20220227	1150	74	0.03374309092760086	0.0885205864906311
20220227	1150	75	5.15702147652064e-08	3.5913724332203856e-06
20220227	1150	76	0.0002677540760487318	0.023459356278181076
20220227	1150	77	0.006528018042445183	0.0004962001694366336
20220227	1150	78	1.413597345845119e-07	4.303001333028078e-06
20220227	1150	79	1.5030655831083095e-08	2.1794317035528366e-06
20220227	1150	80	0.002340950770303607	0.0328090637922287
20220227	1150	81	0.00015357097436208278	6.86569592289743e-06
20220227	1150	82	0.005634653382003307	0.0005786057445220649
20220227	1150	83	0.02159665897488594	5.545797066019986e-08
20220227	1150	84	0.031397745013237	0.11017930507659912
20220227	1150	85	0.0005535953096114099	0.182964488863945
20220227	1150	86	5.350825063032971e-07	0.048300012946128845
20220227	1150	87	7.197777449619025e-06	1.0366024705277255e-09
20220227	1150	88	0.004865329712629318	0.0004155921924393624
20220227	1150	89	0.00018443058070261031	0.14420610666275024
20220227	1150	90	0.022603269666433334	0.055202923715114594
20220227	1150	91	6.567636319232406e-06	0.0005067235324531794
20220227	1150	92	0.0185163002461195	0.005231422837823629
20220227	1150	93	0.00846911408007145	0.001471622264944017
20220227	1150	94	1.7077371694540489e-07	4.682956569013186e-05
20220227	1150	95	3.784329578593315e-07	0.015336409211158752
20220227	1150	96	0.0008716465090401471	0.04411407932639122
20220227	1150	97	0.002372835762798786	0.004598467610776424
20220227	1150	98	2.41643761000887e-07	1.606731103720449e-08
20220227	1150	99	0.0005706349038518965	1.249434717465192e-05
20220227	1150	100	0.05218343064188957	0.0002612939279060811
20220315	1150	1	0.0029508196748793125	2.8506477178780187e-08
20220315	1150	2	0.0001638935209484771	3.5981263408757513e-06
20220315	1150	3	1.7435246491004364e-06	2.3897882783785462e-05
20220315	1150	4	0.02521294541656971	0.0004563907568808645
20220315	1150	5	0.0008297090535052121	0.021152492612600327
20220315	1150	6	0.0019157136557623744	0.024732308462262154
20220315	1150	7	0.02354408986866474	1.4592964134862996e-06
20220315	1150	8	0.010156052187085152	0.0007142274407669902
20220315	1150	9	0.01046480517834425	0.023860640823841095
20220315	1150	10	0.014770671725273132	4.7165165995011193e-08
20220315	1150	11	0.004203598480671644	0.013897741213440895
20220315	1150	12	2.806234078889247e-05	4.405548992281183e-08
20220315	1150	13	6.074853899917798e-07	7.72264741044637e-08
20220315	1150	14	0.00012402246647980064	2.4878424653707043e-08
20220315	1150	15	0.000652983202598989	1.389025214848516e-07
20220315	1150	16	0.0003323763667140156	3.213461496898162e-08
20220315	1150	17	4.820780304726213e-05	4.1721256138771423e-07
20220315	1150	18	1.7310620137322985e-07	7.670790580505127e-08
20220315	1150	19	0.0026592558715492487	0.015385964885354042
20220315	1150	20	0.008914342150092125	1.3475813354091315e-08
20220315	1150	21	4.859493401454529e-06	0.0
20220315	1150	22	5.3770618251292035e-06	3.628107370090561e-09
20220315	1150	23	8.926482405513525e-05	5.607675461760664e-07
20220315	1150	24	0.0034844507463276386	2.1302394088706933e-06
20220315	1150	25	3.628106926001351e-09	0.0002735960006248206
20220315	1150	26	2.0575237158482196e-07	0.0
20220315	1150	27	3.079602493016864e-06	1.0366020042340551e-08
20220315	1150	28	2.8529029805213213e-07	0.0
20220315	1150	29	6.724855694528742e-08	5.959717964287847e-05
20220315	1150	30	8.338544716934848e-07	3.679924276411839e-08
20220315	1150	31	0.015519941225647926	3.6988407373428345e-05
20220315	1150	32	1.7555097429067246e-06	0.028755182400345802
20220315	1150	33	1.5613009907156084e-07	4.897705139228492e-07
20220315	1150	34	1.0145512874260021e-07	0.0
20220315	1150	35	3.518892845022492e-05	0.03993982821702957
20220315	1150	36	0.01837177202105522	3.0061389821867124e-08
20220315	1150	37	0.013508361764252186	7.77451170108634e-09
20220315	1150	38	0.008418350480496883	0.022011350840330124
20220315	1150	39	6.472935638157651e-06	0.0005299656768329442
20220315	1150	40	0.010538002476096153	1.140798212873051e-05
20220315	1150	41	0.019128337502479553	0.014123658649623394
20220315	1150	42	0.004329556133598089	0.0003994740836787969
20220315	1150	43	0.00024006905732676387	0.02173667401075363
20220315	1150	44	1.138398511102423e-05	3.8872506991083355e-08
20220315	1150	45	0.002709718653932214	0.002872725250199437
20220315	1150	46	0.001313566928729415	3.296271415820229e-07
20220315	1150	47	0.0021007328759878874	0.0034263920970261097
20220315	1150	48	7.517148219449155e-07	6.341060361592099e-05
20220315	1150	49	0.004648544359952211	1.554903650280437e-09
20220315	1150	50	1.7615649312574533e-06	7.77451258926476e-09
20220315	1150	51	2.0213573037608512e-08	0.010808717459440231
20220315	1150	52	0.011755144223570824	3.6020659877067374e-07
20220315	1150	53	7.193679721240187e-06	5.33847561712264e-08
20220315	1150	54	4.146408993932482e-09	0.00014918667147867382
20220315	1150	55	2.4967943090814515e-07	4.7836820158408955e-05
20220315	1150	56	0.00019783494644798338	1.5957259165588766e-05
20220315	1150	57	2.029058521202387e-07	1.4512419710399627e-08
20220315	1150	58	4.823560857403209e-07	5.649449619227198e-08
20220315	1150	59	0.002341681392863393	0.24923810362815857
20220315	1150	60	0.010578185319900513	0.00064137700246647
20220315	1150	61	0.005466262344270945	0.02914409339427948
20220315	1150	62	0.008542102761566639	1.5033956515253522e-06
20220315	1150	63	1.3228090210759547e-05	0.008120980113744736
20220315	1150	64	0.03115648776292801	0.0001578828669153154
20220315	1150	65	0.009121970273554325	2.8920254635522724e-07
20220315	1150	66	1.3112753549648914e-06	5.597617658281706e-08
20220315	1150	67	0.0037111707497388124	6.991345458118303e-07
20220315	1150	68	7.967489068505529e-07	0.020125672221183777
20220315	1150	69	1.7865086192614399e-06	2.9066602564853383e-06
20220315	1150	70	0.0004564333939924836	0.0
20220315	1150	71	0.014567346312105656	4.040432395413518e-05
20220315	1150	72	0.0019108374835923314	3.6335663025965914e-05
20220315	1150	73	9.893270544125699e-06	0.00014173587260302156
20220315	1150	74	1.2295125770833693e-06	1.036602359505423e-09
20220315	1150	75	9.121934141376187e-08	7.77451170108634e-09
20220315	1150	76	1.0391593718850345e-07	5.183009577081066e-09
20220315	1150	77	1.080537276720861e-05	0.0
20220315	1150	78	1.2957530881596568e-10	6.10503411735408e-06
20220315	1150	79	5.324361609382322e-07	4.716522994385741e-08
20220315	1150	80	0.0003023205790668726	0.2031799852848053
20220315	1150	81	0.010998972691595554	3.887242883138242e-08
20220315	1150	82	0.040573686361312866	2.3377759134746157e-05
20220315	1150	83	0.0021143562626093626	7.705516327405348e-05
20220315	1150	84	8.266735562756367e-08	1.1402613964150987e-08
20220315	1150	85	0.000909837952349335	0.033078934997320175
20220315	1150	86	0.004895029589533806	7.76384922573925e-07
20220315	1150	87	0.0028447008226066828	0.07076305150985718
20220315	1150	88	0.008234717883169651	2.0213709817085146e-08
20220315	1150	89	4.0107592212734744e-05	0.00014453472977038473
20220315	1150	90	1.8234986782772467e-05	0.020899591967463493
20220315	1150	91	0.0002770625287666917	0.0
20220315	1150	92	8.444876584690064e-05	9.588512739355792e-08
20220315	1150	93	0.021286536008119583	5.183012352638627e-10
20220315	1150	94	5.440841050585732e-06	5.566235472542758e-07
20220315	1150	95	0.00018489632930140942	0.07119064033031464
20220315	1150	96	3.9876874780020444e-07	4.219850234221667e-05
20220315	1150	97	1.0192806030318025e-06	2.5915058987635575e-09
20220315	1150	98	0.0160339567810297	2.350703471165616e-05
20220315	1150	99	0.0	8.811117169216232e-09
20220315	1150	100	6.511816081911093e-07	1.1402514132896613e-07
20220403	143	1	0.9176339507102966	1.375575902784476e-05
20220403	143	2	0.3950193524360657	0.04885465279221535
20220403	143	3	0.18577860295772552	0.11932548135519028
20220403	143	4	0.4276289641857147	0.22350750863552094
20220403	143	5	0.1453322172164917	0.09501428157091141
20220403	143	6	0.04786866903305054	1.492155433879816e-06
20220403	143	7	0.08516276627779007	0.24140490591526031
20220403	143	8	0.2786642611026764	0.008512046188116074
20220403	143	9	0.08723491430282593	0.017304332926869392
20220403	143	10	0.019050108268857002	0.00045879639219492674
20220403	143	11	0.007998183369636536	0.0016561138909310102
20220403	143	12	0.045667484402656555	8.974901720648631e-05
20220403	143	13	0.0030177419539541006	0.008680268190801144
20220403	143	14	0.0703260600566864	1.4798362713008828e-07
20220403	143	15	0.10143032670021057	0.3881206810474396
20220403	143	16	0.09804554283618927	8.221329395041721e-09
20220403	143	17	0.013882137835025787	0.05300728604197502
20220403	143	18	0.002047954825684428	0.00023482859251089394
20220403	143	19	0.011172430589795113	0.12275673449039459
20220403	143	20	5.536578828468919e-05	5.076429715700215e-06
20220403	143	21	0.012670773081481457	1.726475460372967e-07
20220403	143	22	0.04957692697644234	0.0037000668235123158
20220403	143	23	0.00024175869475584477	4.875035756413126e-06
20220403	143	24	0.02079874649643898	4.357289924428187e-07
20220403	143	25	0.012787600047886372	2.0553319046712204e-08
20220403	143	26	0.01472045574337244	2.0553319046712204e-08
20220403	143	27	0.0011640582233667374	8.70528892846778e-05
20220403	143	28	7.92196806287393e-05	0.00033565168268978596
20220403	143	29	9.129703539656475e-05	6.839559318905231e-06
20220403	143	30	0.030678685754537582	3.192921576555818e-05
20220403	143	31	0.01616966351866722	0.036390144377946854
20220403	143	32	0.0027265811804682016	0.0046313125640153885
20220403	143	33	0.0018937907880172133	0.09611517935991287
20220403	143	34	0.00045651031541638076	3.370729473317624e-07
20220403	143	35	1.9775090549956076e-05	0.06844321638345718
20220403	143	36	0.007759399246424437	4.521535174717428e-06
20220403	143	37	0.0008996401447802782	3.4815575418178923e-06
20220403	143	38	0.038210466504096985	0.0002466095902491361
20220403	143	39	0.011529626324772835	0.1451522260904312
20220403	143	40	0.008824358694255352	0.00032132401247508824
20220403	143	41	0.00105175597127527	1.8801167243509553e-05
20220403	143	42	0.0028937177266925573	4.6341941924765706e-05
20220403	143	43	0.003615369088947773	1.8435513993608765e-05
20220403	143	44	0.00012803620484191924	1.8990758690051734e-06
20220403	143	45	0.0045723868533968925	0.0009723185794427991
20220403	143	46	0.0017514621140435338	0.0017624710453674197
20220403	143	47	0.0613631047308445	5.343860465245598e-08
20220403	143	48	1.0395944627816789e-05	2.215601398347644e-06
20220403	143	49	0.00021979377197567374	0.035921137779951096
20220403	143	50	0.0724719986319542	3.411836360101006e-07
20220403	143	51	1.4714242752233986e-05	2.6659872673917562e-05
20220403	143	52	0.0014414350735023618	4.0695343273000617e-07
20220403	143	53	0.0002145666949218139	1.6853685735895851e-07
20220403	143	54	6.0384641074051615e-06	0.0
20220403	143	55	0.0006999833276495337	5.336035246727988e-05
20220403	143	56	1.041481255015242e-06	2.4663984632411484e-08
20220403	143	57	0.00037628444260917604	0.2377285361289978
20220403	143	58	0.0008956082747317851	1.7891175957629457e-05
20220403	143	59	0.0008178231073543429	2.1909149836574215e-06
20220403	143	60	1.9196946595911868e-05	2.0553319046712204e-08
20220403	143	61	3.275084600318223e-05	0.00011428614379838109
20220403	143	62	0.000135596317704767	3.567872681742301e-06
20220403	143	63	4.144767899560975e-06	7.288012420758605e-05
20220403	143	64	0.0001092340680770576	0.01651032269001007
20220403	143	65	0.08791185915470123	0.0028564573731273413
20220403	143	66	0.0014695246936753392	0.0007201906410045922
20220403	143	67	5.181375854590442e-06	0.007191240321844816
20220403	143	68	8.177387826435734e-06	0.19356247782707214
20220403	143	69	0.008774635381996632	1.6031567895424814e-07
20220403	143	70	8.616896593593992e-06	2.8774648441753925e-08
20220403	143	71	0.009895495139062405	0.9483803510665894
20220403	143	72	0.0006078315782360733	0.22522741556167603
20220403	143	73	0.00404319865629077	1.224962488777237e-06
20220403	143	74	2.2300569980870932e-05	1.4715867564518703e-06
20220403	143	75	0.0011726318625733256	0.0
20220403	143	76	0.000172444197232835	0.0
20220403	143	77	2.1797988665639423e-05	5.343860465245598e-08
20220403	143	78	1.3112078249832848e-06	0.0
20220403	143	79	2.992602958329371e-06	5.631574140352313e-07
20220403	143	80	0.00012585385411512107	0.0
20220403	143	81	9.497515566181391e-05	2.308188413735479e-05
20220403	143	82	1.4325985375762684e-07	0.0
20220403	143	83	9.18075727440737e-07	2.3430710882621497e-07
20220403	143	84	1.2432782341420534e-06	4.1106646975208605e-09
20220403	143	85	2.9409491617116146e-05	0.0003910214873030782
20220403	143	86	0.007902833633124828	0.0005719400360248983
20220403	143	87	2.0629937353078276e-05	0.0
20220403	143	88	0.0007055993191897869	1.0769775826702244e-06
20220403	143	89	2.08079313779308e-06	1.8909007337697403e-07
20220403	143	90	0.08310381323099136	1.47983641340943e-07
20220403	143	91	2.4215096345869824e-06	4.9327947948540896e-08
20220403	143	92	1.0163827255382785e-06	3.288530692202585e-08
20220403	143	93	0.0173408892005682	0.0
20220403	143	94	8.397751662414521e-05	0.0
20220403	143	95	0.0001369576930301264	0.0
20220403	143	96	0.0017081133555620909	6.248170620892779e-07
20220403	143	97	1.5783580238348804e-05	4.1106646975208605e-09
20220403	143	98	9.80825120677764e-07	0.0
20220403	143	99	6.26186520094052e-05	1.2496199133238406e-06
20220403	143	100	2.5401990569662303e-05	4.1106646975208605e-09
20220403	145	1	0.13612157106399536	0.0
20220403	145	2	2.9257180358399637e-05	2.260858451563763e-07
20220403	145	3	9.013797352963593e-06	1.8086879549628065e-07
20220403	145	4	0.0006259760702960193	0.0003294204652775079
20220403	145	5	0.001295155961997807	0.006146939005702734
20220403	145	6	3.247241465942352e-06	4.521730190276685e-08
20220403	145	7	0.00016264164878521115	0.0
20220403	145	8	2.7746974495812537e-08	0.0
20220403	145	9	0.02178475446999073	0.0
20220403	145	10	1.9936653927743464e-07	0.0
20220403	145	11	2.737882823566906e-05	0.0
20220403	145	12	1.836677620303817e-05	0.0
20220403	145	13	0.0022700626868754625	8.273789717350155e-06
20220403	145	14	0.12828272581100464	0.12002995610237122
20220403	145	15	0.01728229969739914	7.727963975412422e-07
20220403	145	16	3.631675645010546e-05	9.292961294704583e-06
20220403	145	17	3.398022090550512e-05	3.288516552402143e-07
20220403	145	18	8.324088440758715e-08	1.298314964515157e-05
20220403	145	19	9.731513728183927e-07	0.0
20220403	145	20	2.6821962251233344e-07	8.221325487056674e-08
20220403	145	21	3.6789751334254106e-07	1.6442657013726603e-08
20220403	145	22	1.0495457900105976e-05	1.4798366976265243e-07
20220403	145	23	2.02649061975535e-06	4.521701839621528e-07
20220403	145	24	6.078562819311628e-06	5.2324817261251155e-06
20220403	145	25	6.885351666596762e-08	8.632385828377664e-08
20220403	145	26	2.3225052814268565e-07	0.0
20220403	145	27	5.199909764996846e-07	4.1106646975208605e-09
20220403	145	28	1.6832475466799224e-06	8.632390091634079e-08
20220403	145	29	3.3296163337581675e-07	4.1106646975208605e-09
20220403	145	30	1.411946323059965e-05	0.24851925671100616
20220403	145	31	1.8195029042544775e-05	7.800590537954122e-05
20220403	145	32	0.21627891063690186	0.00011153328523505479
20220403	145	33	1.2562148185679689e-05	8.96113363069162e-07
20220403	145	34	4.397627344587818e-05	2.6225488909403794e-06
20220403	145	35	3.9407084841514006e-05	0.0
20220403	145	36	3.525384818203747e-05	1.2331993204384162e-08
20220403	145	37	0.004223801661282778	1.8661969534150558e-06
20220403	145	38	6.407246110029519e-05	5.549353545575286e-07
20220403	145	39	0.00010975608165608719	1.343148778687464e-05
20220403	145	40	1.5304642147384584e-05	9.783287850950728e-07
20220403	145	41	0.0001247430918738246	1.3154115663382981e-07
20220403	145	42	0.009385105222463608	1.2331973664458928e-07
20220403	145	43	0.0007925473619252443	0.0
20220403	145	44	1.2331987875313644e-08	0.0
20220403	145	45	2.2748206902178936e-05	0.0
20220403	145	46	3.247395454764046e-07	2.0553322599425883e-08
20220403	145	47	2.1343710159271723e-06	1.2331993204384162e-08
20220403	145	48	0.0005486597074195743	0.0
20220403	145	49	0.003310774452984333	0.0002628213551361114
20220403	145	50	0.02905852347612381	9.002239380606625e-07
20220403	145	51	0.0018799721729010344	4.1106646975208605e-09
20220403	145	52	0.019171612337231636	2.466390185418277e-07
20220403	145	53	1.593863203197543e-06	3.516939250403084e-05
20220403	145	54	0.001108159776777029	8.22132122380026e-08
20220403	145	55	5.652153589608133e-08	3.3707289048834355e-07
20220403	145	56	7.039257639007701e-07	2.410885463177692e-05
20220403	145	57	3.2370954272664676e-07	0.0001887778635136783
20220403	145	58	1.3873449233869906e-07	6.371471954480512e-07
20220403	145	59	1.286270980926929e-05	1.4757121107322746e-06
20220403	145	60	7.245399501698557e-06	6.207074534358981e-07
20220403	145	61	0.002946270164102316	4.1106646975208605e-09
20220403	145	62	1.2629459433810553e-06	0.0
20220403	145	63	7.70730878230097e-07	3.288530692202585e-08
20220403	145	64	1.447889758310339e-06	4.1106646975208605e-09
20220403	145	65	5.754914766953334e-08	0.006883252877742052
20220403	145	66	6.075086730561452e-06	1.5209428738671704e-07
20220403	145	67	1.59807204909157e-05	1.2331977927715343e-07
20220403	145	68	7.214287052192958e-06	1.0687713114521102e-07
20220403	145	69	2.7352174583938904e-05	0.0
20220403	145	70	2.408978070889134e-05	0.0
20220403	145	71	0.04149898886680603	0.0
20220403	145	72	2.4783521439530887e-05	0.005037128459662199
20220403	145	73	4.727257518766237e-08	1.2742835906465189e-06
20220403	145	74	6.032308874637238e-07	6.463714817073196e-05
20220403	145	75	6.566642696270719e-07	0.0
20220403	145	76	1.251371759281028e-05	4.798738154931925e-05
20220403	145	77	2.6685897864808794e-06	1.093422042686143e-06
20220403	145	78	7.715483661741018e-06	4.1106646975208605e-09
20220403	145	79	0.05066204071044922	0.0
20220403	145	80	0.0005917857051827013	0.0
20220403	145	81	4.3674899075085705e-07	4.1106646975208605e-09
20220403	145	82	1.4848898217678652e-06	0.0
20220403	145	83	5.1383310939456805e-09	4.1106646975208605e-09
20220403	145	84	1.070765051736089e-06	2.5075004828067904e-07
20220403	145	85	0.0014798595802858472	0.0
20220403	145	86	9.690745173429605e-06	0.0
20220403	145	87	1.1159753512401949e-06	0.0
20220403	145	88	9.104705895879306e-06	1.2331993204384162e-08
20220403	145	89	2.072605411740369e-06	0.0
20220403	145	90	1.1221587783438736e-06	1.0235404488412314e-06
20220403	145	91	3.250941153964959e-05	0.0
20220403	145	92	1.0973660209856462e-05	0.0
20220403	145	93	1.5414990173212573e-08	0.0
20220403	145	94	3.1781439702172065e-06	2.8774644889040246e-08
20220403	145	95	1.2471778063627426e-05	0.0
20220403	145	96	5.63144908483082e-07	0.0
20220403	145	97	1.0276661743802151e-09	0.0001436640159226954
20220403	145	98	6.165996158102871e-09	2.0964327518413484e-07
20220403	145	99	0.0	0.0
20220403	145	100	1.0173835818250154e-07	0.0006796283996663988
20220403	146	1	8.73484714247752e-06	1.3112996555264544e-07
20220403	146	2	1.000890961222467e-06	0.0
20220403	146	3	7.193662110438481e-09	1.192092735635697e-08
20220403	146	4	3.4625431908352766e-06	1.740414177220373e-06
20220403	146	5	7.707472349238742e-08	0.0
20220403	146	6	9.146211965571638e-08	0.0
20220403	146	7	1.8290521666131099e-06	3.973642748178463e-09
20220403	146	8	9.660011812684388e-08	0.0
20220403	146	9	1.5209357684398128e-07	0.0
20220403	146	10	1.0276657746999263e-08	3.1788991350367723e-07
20220403	146	11	7.679412192374002e-06	4.37100524663947e-08
20220403	146	12	4.1106646975208605e-09	1.708626541585545e-06
20220403	146	13	5.138330649856471e-09	3.973642748178463e-09
20220403	146	14	1.1971877711403067e-06	2.4239133722403494e-07
20220403	146	15	8.198169780371245e-06	0.0
20220403	146	16	1.325681182606786e-07	3.655731859453226e-07
20220403	146	17	0.0	1.192092735635697e-08
20220403	146	18	1.3154063083220535e-07	0.0
20220403	146	19	2.990481959841418e-07	1.9868208411821797e-08
20220403	146	20	7.1936612222600615e-09	0.0
20220403	146	21	3.664005362224998e-06	0.0
20220403	146	22	1.7470314972456435e-08	1.986815618693072e-07
20220403	146	23	0.0	0.0
20220403	146	24	1.0276661743802151e-09	7.947284608178506e-09
20220403	146	25	2.0553323487604302e-09	0.0
20220403	146	26	3.3912925800905214e-08	0.0
20220403	146	27	6.165996602192081e-09	1.0450552281326964e-06
20220403	146	28	0.0	7.947284608178506e-09
20220403	146	29	1.1304327252048552e-08	0.0
20220403	146	30	0.0007900898344814777	1.9868211964535476e-08
20220403	146	31	1.8497981812970465e-08	2.4596095045126276e-06
20220403	146	32	4.007894460755779e-08	3.973642748178463e-09
20220403	146	33	1.738693640618294e-06	0.0
20220403	146	34	1.1920865006231907e-07	0.0
20220403	146	35	9.965673598344438e-06	5.165731664646955e-08
20220403	146	36	4.408592815252632e-07	0.0
20220403	146	37	2.7746947850459946e-08	0.0
20220403	146	38	1.3462330628044583e-07	0.0
20220403	146	39	2.5691640814784478e-08	3.178912777457299e-08
20220403	146	40	4.007893039670307e-08	0.0
20220403	146	41	7.574501069029793e-05	0.0
20220403	146	42	0.0004633251519408077	3.973642748178463e-09
20220403	146	43	7.546962478954811e-06	0.0
20220403	146	44	1.3873430759758776e-07	2.7815490355465045e-08
20220403	146	45	1.7470311419742757e-08	0.0
20220403	146	46	6.895389788041939e-07	0.0
20220403	146	47	1.5475843611056916e-05	0.0
20220403	146	48	5.138330649856471e-09	1.192092735635697e-08
20220403	146	49	1.3359655604006093e-08	0.0
20220403	146	50	1.0276661743802151e-09	0.0
20220403	146	51	9.351732899176568e-08	1.192092824453539e-08
20220403	146	52	2.2300208968317747e-07	6.755185921747398e-08
20220403	146	53	1.0255412234982941e-05	3.139163027299219e-07
20220403	146	54	0.01885359175503254	0.0
20220403	146	55	6.371512029090809e-08	5.622244316327851e-06
20220403	146	56	4.213427828858585e-08	1.3907735763041273e-07
20220403	146	57	9.248977050901885e-08	0.0
20220403	146	58	3.432365360822587e-07	7.828003845133935e-07
20220403	146	59	1.0276661743802151e-09	2.1060240840142797e-07
20220403	146	60	8.19022375253553e-07	1.2474903996917419e-05
20220403	146	61	0.09499548375606537	2.707335261220578e-05
20220403	146	62	1.2126407966661645e-07	0.0
20220403	146	63	3.471928494036547e-06	3.973642748178463e-09
20220403	146	64	8.015776131742314e-08	0.0
20220403	146	65	6.188662518979982e-05	3.973642748178463e-09
20220403	146	66	1.2229142498654255e-07	2.7815495684535563e-08
20220403	146	67	2.0470513845793903e-05	0.0
20220403	146	68	1.0210018444922753e-05	2.38418529363571e-08
20220403	146	69	1.1304300784331645e-07	6.357824133829126e-08
20220403	146	70	0.12351640313863754	0.0
20220403	146	71	2.4663957987058893e-08	0.0
20220403	146	72	0.0004907313268631697	0.0
20220403	146	73	0.0007213764474727213	0.0
20220403	146	74	4.225351585773751e-05	0.0
20220403	146	75	1.0276661743802151e-09	8.344639468305104e-08
20220403	146	76	4.1106646975208605e-09	3.178913488000035e-08
20220403	146	77	0.0	1.082642120309174e-05
20220403	146	78	1.0276661743802151e-09	0.0
20220403	146	79	1.3256823194751632e-07	0.0
20220403	146	80	1.811314905353356e-05	2.7815490355465045e-08
20220403	146	81	2.4663825115567306e-07	3.973642748178463e-09
20220403	146	82	6.114397592682508e-07	0.0
20220403	146	83	5.138330649856471e-09	4.3710041808253663e-08
20220403	146	84	1.017386495050232e-07	9.536729805859068e-08
20220403	146	85	8.221328506863301e-09	9.086482350539882e-06
20220403	146	86	7.460553206328768e-07	1.6092873238449101e-06
20220403	146	87	1.0471304676684667e-06	8.42703229864128e-06
20220403	146	88	9.248994459198911e-09	0.0
20220403	146	89	1.5414984844142054e-08	6.178847252158448e-05
20220403	146	90	7.299533081095433e-06	0.0
20220403	146	91	1.0276656858820843e-08	1.9544599126675166e-05
20220403	146	92	1.4798281711136951e-07	1.2675679954554653e-06
20220403	146	93	9.865571826139785e-08	2.7359223167877644e-05
20220403	146	94	2.0553323487604302e-09	2.6980339953297516e-06
20220403	146	95	2.3746788428979926e-06	0.00032749102683737874
20220403	146	96	1.8497983589327305e-08	9.178989444080798e-07
20220403	146	97	8.221300618060923e-08	0.0
20220403	146	98	2.3448324100172613e-06	1.986815618693072e-07
20220403	146	99	2.6719282786302756e-08	0.0
20220403	146	100	1.1407032474153311e-07	0.0
20221011	148	1	0.1542758345603943	0.03402899578213692
20221011	148	2	0.7451900839805603	8.801522199064493e-05
20221011	148	3	0.4885457754135132	0.289972186088562
20221011	148	4	0.05397708714008331	0.15292276442050934
20221011	148	5	0.16557322442531586	2.209275635323138e-06
20221011	148	6	0.014816995710134506	4.8159250582102686e-05
20221011	148	7	0.00022969562269281596	0.003686967073008418
20221011	148	8	0.04330107569694519	0.0011248673545196652
20221011	148	9	0.04017461836338043	7.947276969844097e-08
20221011	148	10	0.12114813923835754	0.844026505947113
20221011	148	11	0.11550264805555344	0.01983434334397316
20221011	148	12	0.17749057710170746	0.008721096441149712
20221011	148	13	0.5048655867576599	0.001747549744322896
20221011	148	14	0.07052845507860184	0.2433486431837082
20221011	148	15	0.046642158180475235	0.12574267387390137
20221011	148	16	0.03700502589344978	0.00010419254977023229
20221011	148	17	0.0073983632028102875	0.11629064381122589
20221011	148	18	0.00013750883226748556	0.2618098556995392
20221011	148	19	0.2791811525821686	1.374852331537113e-06
20221011	148	20	0.001385304145514965	0.0009985381038859487
20221011	148	21	0.27850526571273804	0.00018081256712321192
20221011	148	22	0.060272231698036194	0.4486854374408722
20221011	148	23	0.004931878298521042	0.1618889421224594
20221011	148	24	0.011092434637248516	7.351158046731143e-07
20221011	148	25	0.001470967079512775	0.002873871009796858
20221011	148	26	0.006414136849343777	0.0028177686035633087
20221011	148	27	0.0001062003502738662	1.4741914355909103e-06
20221011	148	28	0.06683160364627838	6.635505269514397e-05
20221011	148	29	0.1062600389122963	0.28790083527565
20221011	148	30	0.06909206509590149	2.702066694837413e-07
20221011	148	31	1.3274598131829407e-05	1.3629380646307254e-06
20221011	148	32	0.049377214163541794	0.00021189973631408066
20221011	148	33	0.11329878866672516	0.09118521213531494
20221011	148	34	0.0352582149207592	3.166896931361407e-06
20221011	148	35	0.013141291216015816	0.07995608448982239
20221011	148	36	0.015823664143681526	0.0003282993275206536
20221011	148	37	0.00762070482596755	0.00013233015488367528
20221011	148	38	0.00024331483291462064	1.2932423487654887e-05
20221011	148	39	0.0006046864436939359	0.0006084908964112401
20221011	148	40	1.2835672350774985e-05	2.3444415830908838e-07
20221011	148	41	5.616897738036641e-07	0.004890157375484705
20221011	148	42	3.0947005143389106e-05	0.009802954271435738
20221011	148	43	0.0025463607162237167	0.00024707321426831186
20221011	148	44	3.237596729377401e-06	8.467136467515957e-06
20221011	148	45	5.0453203584766015e-05	1.509982752168071e-07
20221011	148	46	0.06297541409730911	0.024312887340784073
20221011	148	47	0.002125937957316637	1.267569359697518e-06
20221011	148	48	0.30589011311531067	8.927952876547351e-05
20221011	148	49	0.003945229575037956	3.97088733734563e-05
20221011	148	50	0.00014696073776576668	0.0001220107515109703
20221011	148	51	5.358609269023873e-05	4.7326902858912945e-05
20221011	148	52	0.00018766788707580417	2.495362605259288e-05
20221011	148	53	0.09409032762050629	8.454742783214897e-05
20221011	148	54	0.2635475993156433	6.047337137715658e-06
20221011	148	55	0.009436109103262424	9.381247218698263e-05
20221011	148	56	9.554011921864003e-05	0.0001676552346907556
20221011	148	57	5.98460974288173e-05	1.6172339201148134e-06
20221011	148	58	0.0013501590583473444	0.00026051339227706194
20221011	148	59	0.004056515172123909	0.2853463292121887
20221011	148	60	0.022236354649066925	1.1126188326215924e-07
20221011	148	61	0.0011586550390347838	1.8676104218684486e-07
20221011	148	62	0.061610396951436996	0.05455770716071129
20221011	148	63	0.007784819230437279	1.1126189747301396e-07
20221011	148	64	0.022407708689570427	0.0
20221011	148	65	6.390393537003547e-06	3.409226792427944e-06
20221011	148	66	0.00012581268674694002	0.3761530816555023
20221011	148	67	1.353729999209463e-07	0.08704441040754318
20221011	148	68	8.702770719537511e-05	1.1029051165678538e-05
20221011	148	69	2.4817250960040838e-05	9.139365886312589e-08
20221011	148	70	0.001970091136172414	1.0371132930231397e-06
20221011	148	71	0.005803319159895182	4.0928395605988044e-07
20221011	148	72	0.00020762150234077126	1.192092735635697e-08
20221011	148	73	5.871695975656621e-06	8.012352918740362e-05
20221011	148	74	3.895088593708351e-05	0.004192998167127371
20221011	148	75	0.020581314340233803	1.382799041493854e-06
20221011	148	76	3.972753620473668e-05	2.384185471271394e-08
20221011	148	77	0.00017392086738254875	7.947284608178506e-09
20221011	148	78	8.630329830339178e-06	3.973642748178463e-09
20221011	148	79	5.767279162682826e-06	1.9022896594833583e-05
20221011	148	80	0.0002950031484942883	8.026686941775552e-07
20221011	148	81	0.00026309906388632953	1.0878090506594162e-05
20221011	148	82	2.8346739782136865e-05	1.1602837730606552e-06
20221011	148	83	4.925188932247693e-06	0.02607758529484272
20221011	148	84	1.6395139255109825e-06	2.7178618893231032e-06
20221011	148	85	0.12397740036249161	7.947285496356926e-09
20221011	148	86	1.419158525095554e-05	1.192092735635697e-08
20221011	148	87	8.334437211487966e-07	0.0019695789087563753
20221011	148	88	7.2684802034928e-06	1.0728826538297653e-07
20221011	148	89	2.5459119569859467e-05	0.6655008792877197
20221011	148	90	5.8030636864714324e-05	3.9338831925306295e-07
20221011	148	91	0.00010294495587004349	0.002134202979505062
20221011	148	92	0.0001441535132471472	5.556887117563747e-05
20221011	148	93	0.0004885191447101533	2.3527583834948018e-05
20221011	148	94	0.01873028464615345	4.0080059989122674e-05
20221011	148	95	9.140615293290466e-05	2.225233117769676e-07
20221011	148	96	9.785479051060975e-06	1.335129468316154e-06
20221011	148	97	0.004212893545627594	1.2880080248578452e-05
20221011	148	98	0.06423039734363556	0.026591023430228233
20221011	148	99	0.0002560450229793787	0.000505743722897023
20221011	148	100	0.028698928654193878	1.188098281090788e-06
20221017	149	1	0.002157726790755987	0.0017409457359462976
20221017	149	2	0.10524097084999084	1.4127299436950125e-05
20221017	149	3	1.7449301594751887e-06	0.00559645052999258
20221017	149	4	0.0005175188998691738	0.00020686353673227131
20221017	149	5	1.444487907065195e-06	0.0001934784377226606
20221017	149	6	3.360594928381033e-05	4.068771431775531e-06
20221017	149	7	0.001354798092506826	9.775056923899683e-07
20221017	149	8	9.740400855662301e-05	1.9868213740892315e-08
20221017	149	9	6.852244041510858e-06	0.0001596504880581051
20221017	149	10	0.0003923483018297702	0.9583447575569153
20221017	149	11	0.00013932608999311924	1.9868211964535476e-08
20221017	149	12	0.1943981945514679	1.6127130948007107e-05
20221017	149	13	0.0029714978300035	1.4704187378811184e-05
20221017	149	14	0.04012728109955788	0.32223689556121826
20221017	149	15	0.00017959109391085804	5.0225015002069995e-05
20221017	149	16	0.009203871712088585	6.520117494801525e-06
20221017	149	17	6.098793164710514e-06	3.904548430000432e-05
20221017	149	18	2.6144820367335342e-05	0.03760020062327385
20221017	149	19	0.32537245750427246	1.4196625670592766e-05
20221017	149	20	0.0005221979808993638	2.046363306362764e-06
20221017	149	21	2.985223659379699e-07	2.384185471271394e-08
20221017	149	22	0.0005584503524005413	6.953802653697494e-07
20221017	149	23	0.0009047546773217618	1.4798552911088336e-05
20221017	149	24	9.244105604011565e-05	3.576269023142231e-07
20221017	149	25	0.0005613111425191164	5.125605639477726e-06
20221017	149	26	0.0023439093492925167	2.8071839551557787e-05
20221017	149	27	0.009060820564627647	2.1775126697320957e-06
20221017	149	28	0.009716495871543884	0.0005032524350099266
20221017	149	29	1.744580913509708e-05	0.11730613559484482
20221017	149	30	0.00037910204264335334	0.004950729664415121
20221017	149	31	2.707520434341859e-05	9.69556253949122e-07
20221017	149	32	0.030584724619984627	8.185604087884712e-07
20221017	149	33	4.407815868034959e-05	0.15773791074752808
20221017	149	34	0.05738940089941025	7.906150858616456e-05
20221017	149	35	0.03059271350502968	5.523318122868659e-07
20221017	149	36	0.008546262048184872	1.9868208411821797e-08
20221017	149	37	9.917055194819113e-07	1.7483989722677507e-07
20221017	149	38	0.03568661957979202	0.0005214696866460145
20221017	149	39	0.0021250329446047544	0.00017776012828107923
20221017	149	40	0.0008321886998601258	1.5600844562868588e-05
20221017	149	41	4.354972770670429e-05	2.853014620995964e-06
20221017	149	42	0.00018003777950070798	1.9868208411821797e-08
20221017	149	43	1.40336271670094e-06	3.973642748178463e-09
20221017	149	44	4.332676326157525e-06	2.7854073323396733e-06
20221017	149	45	1.5325919093811535e-06	2.38418529363571e-08
20221017	149	46	0.012009975500404835	9.290211164625362e-05
20221017	149	47	2.187695645261556e-05	1.744783003232442e-05
20221017	149	48	0.00029579969123005867	1.0728820143413031e-07
20221017	149	49	0.0004868429386988282	3.3378435659869865e-07
20221017	149	50	1.7075986761483364e-05	3.973642748178463e-09
20221017	149	51	7.72200473875273e-06	0.005071305204182863
20221017	149	52	4.256437478034059e-06	6.357768143061548e-07
20221017	149	53	0.00032898696372285485	3.973642748178463e-09
20221017	149	54	7.312809202630888e-08	2.662330302882765e-07
20221017	149	55	9.115839816331572e-07	2.399995537416544e-06
20221017	149	56	0.00019028817769140005	0.0
20221017	149	57	1.7731075274696195e-07	1.5099817574082408e-07
20221017	149	58	0.08089687675237656	0.0011175718391314149
20221017	149	59	0.0010651240590959787	6.834595751570305e-07
20221017	149	60	6.47128956643428e-07	0.00019295721722301096
20221017	149	61	0.00016231749032158405	1.192092735635697e-08
20221017	149	62	1.5422952856170014e-05	4.0623337554279715e-05
20221017	149	63	1.7359092225888162e-06	8.387322850467172e-06
20221017	149	64	9.710316589917056e-06	1.5894569216357013e-08
20221017	149	65	1.2622084000213363e-07	0.036335062235593796
20221017	149	66	9.124328244070057e-06	3.218635242774326e-07
20221017	149	67	1.0100947292812634e-05	3.5761015624302672e-06
20221017	149	68	0.02466117963194847	3.5840421332977712e-06
20221017	149	69	3.248482971685007e-05	9.452047379454598e-06
20221017	149	70	0.00020734181453008205	3.9736413270929916e-08
20221017	149	71	0.017984207719564438	3.6039223232364748e-06
20221017	149	72	9.738756489241496e-05	7.7155047620181e-05
20221017	149	73	1.2060518201906234e-06	1.947033069882309e-06
20221017	149	74	0.0322314091026783	6.937278158147819e-06
20221017	149	75	1.4436348465096671e-05	0.002954863477498293
20221017	149	76	2.1917101094004465e-06	1.4265223171605612e-06
20221017	149	77	0.05582733079791069	1.0132716852240264e-06
20221017	149	78	8.955533417065453e-07	7.691734208492562e-05
20221017	149	79	3.105447632378855e-08	0.0006933508557267487
20221017	149	80	6.220837462933559e-07	0.0
20221017	149	81	6.5633012127364054e-06	6.059255156287691e-06
20221017	149	82	0.0011441204696893692	8.344639468305104e-08
20221017	149	83	0.011664693243801594	9.163389768218622e-05
20221017	149	84	0.00576800387352705	0.10741224139928818
20221017	149	85	2.393459180893842e-05	1.0655689038685523e-05
20221017	149	86	1.241336576640606e-05	4.827797511097742e-06
20221017	149	87	3.8366977150872117e-07	2.6582642931316514e-06
20221017	149	88	0.0646074190735817	9.419029083801433e-05
20221017	149	89	1.640808704905794e-06	0.000139073163154535
20221017	149	90	5.082635107100941e-05	0.18069471418857574
20221017	149	91	5.697712185792625e-05	8.344645863189726e-08
20221017	149	92	1.4725766561696219e-07	0.0462433360517025
20221017	149	93	0.0004497744084801525	1.1841250397992553e-06
20221017	149	94	0.029923561960458755	0.003145076334476471
20221017	149	95	0.001526320236735046	0.05659085139632225
20221017	149	96	0.0021274324972182512	8.183278259821236e-05
20221017	149	97	0.0010258568217977881	8.742008361650733e-08
20221017	149	98	0.04690170660614967	0.006016595289111137
20221017	149	99	2.1746900529251434e-06	4.2517876863712445e-07
20221017	149	100	1.9447714294074103e-05	0.07782083004713058
